<?xml version="1.0" encoding="utf-8"?>
<COLLADA xmlns="http://www.collada.org/2005/11/COLLADASchema" version="1.4.1">
  <asset><contributor><author>Mixamo</author><authoring_tool>COLLADA Mixamo exporter</authoring_tool><comments></comments></contributor><created>2019-11-04T17:41:28Z</created><modified>2019-11-04T17:41:28Z</modified><revision></revision><title></title><unit meter="0.010000"/><up_axis>Y_UP</up_axis></asset>
  <library_animations>
    <animation id="mixamorig12_Hips-anim" name="mixamorig12_Hips"><source id="mixamorig12_Hips-Matrix-animation-input"><float_array id="mixamorig12_Hips-Matrix-animation-input-array" count="25">

0.000000 0.033333 0.066667 0.100000 0.133333 0.166667 0.200000 0.233333 0.266667 0.300000 0.333333 0.366667 0.400000 0.433333 0.466667 0.500000
0.533333 0.566667 0.600000 0.633333 0.666667 0.700000 0.733333 0.766667 0.800000</float_array><technique_common><accessor source="#mixamorig12_Hips-Matrix-animation-input-array" count="25"><param name="TIME" type="float"/></accessor></technique_common></source><source id="mixamorig12_Hips-Matrix-animation-output-transform"><float_array id="mixamorig12_Hips-Matrix-animation-output-transform-array" count="400">

0.944042 -0.000305 -0.329825 -0.125377 -0.053281 0.986724 -0.153415 97.612083 0.325493 0.162404 0.931493 0.647658 0.000000 0.000000 0.000000 1.000000
0.939150 -0.008549 -0.343400 0.106164 -0.055167 0.982960 -0.175346 98.032326 0.339048 0.183621 0.922675 -0.293922 0.000000 0.000000 0.000000 1.000000
0.928833 -0.028784 -0.369380 0.245422 -0.045284 0.980683 -0.190292 97.917831 0.367722 0.193476 0.909587 -1.136926 0.000000 0.000000 0.000000 1.000000
0.909870 -0.033569 -0.413533 0.475007 -0.050660 0.980274 -0.191038 97.235092 0.411789 0.194770 0.890222 -1.588292 0.000000 0.000000 0.000000 1.000000
0.867792 0.003044 -0.496918 0.976895 -0.101769 0.979875 -0.171722 96.200302 0.486395 0.199590 0.850637 -1.067437 0.000000 0.000000 0.000000 1.000000
0.857185 0.009798 -0.514915 1.451129 -0.102038 0.983230 -0.151153 95.440224 0.504799 0.182107 0.843810 -0.059007 0.000000 0.000000 0.000000 1.000000
0.864314 -0.018252 -0.502621 1.885014 -0.053715 0.990276 -0.128330 94.619232 0.500075 0.137916 0.854929 1.031713 0.000000 0.000000 0.000000 1.000000
0.872250 -0.039790 -0.487438 2.392538 -0.013535 0.994339 -0.105391 93.333588 0.488872 0.098525 0.866774 1.867703 0.000000 0.000000 0.000000 1.000000
0.884275 -0.048476 -0.464443 2.843982 0.006833 0.995834 -0.090931 92.559608 0.466916 0.077235 0.880922 1.864576 0.000000 0.000000 0.000000 1.000000
0.902870 -0.048504 -0.427168 3.190554 0.012831 0.996213 -0.085998 92.939224 0.429721 0.072164 0.900073 1.355304 0.000000 0.000000 0.000000 1.000000
0.912977 -0.045417 -0.405475 3.530648 0.010484 0.996068 -0.087964 94.022675 0.407876 0.076058 0.909864 0.874553 0.000000 0.000000 0.000000 1.000000
0.910345 -0.046529 -0.411227 3.842711 0.008033 0.995459 -0.094850 95.421844 0.413773 0.083043 0.906585 0.802054 0.000000 0.000000 0.000000 1.000000
0.908441 -0.049996 -0.415012 3.898881 0.006593 0.994412 -0.105363 96.378204 0.417961 0.092979 0.903695 0.864766 0.000000 0.000000 0.000000 1.000000
0.919329 -0.053142 -0.389886 3.587747 0.007867 0.993123 -0.116814 96.564262 0.393412 0.104323 0.913424 0.793686 0.000000 0.000000 0.000000 1.000000
0.938151 -0.050363 -0.342543 3.122343 0.007351 0.992038 -0.125722 96.185867 0.346147 0.115428 0.931052 0.744240 0.000000 0.000000 0.000000 1.000000
0.960223 -0.068560 -0.270688 2.591352 0.034040 0.990900 -0.130222 95.471954 0.277153 0.115828 0.953819 0.972771 0.000000 0.000000 0.000000 1.000000
0.981245 -0.121822 -0.149390 2.005846 0.103680 0.986881 -0.123762 94.285187 0.162507 0.105952 0.981002 1.666216 0.000000 0.000000 0.000000 1.000000
0.984969 -0.141131 -0.099587 1.670189 0.129618 0.984998 -0.113918 93.121101 0.114170 0.099297 0.988486 2.499455 0.000000 0.000000 0.000000 1.000000
0.985875 -0.080478 -0.146880 1.725211 0.065082 0.992150 -0.106781 91.632431 0.154321 0.095713 0.983374 3.271036 0.000000 0.000000 0.000000 1.000000
0.980578 -0.003246 -0.196102 1.724997 -0.016017 0.995198 -0.096561 90.091248 0.195473 0.097826 0.975818 3.663722 0.000000 0.000000 0.000000 1.000000
0.972787 0.022177 -0.230637 1.286441 -0.044084 0.994941 -0.090268 89.733994 0.227468 0.097979 0.968844 3.391062 0.000000 0.000000 0.000000 1.000000
0.962272 0.032451 -0.270148 0.739096 -0.059747 0.993831 -0.093440 90.989830 0.265449 0.106055 0.958274 2.789103 0.000000 0.000000 0.000000 1.000000
0.954909 0.027007 -0.295667 0.238091 -0.060832 0.992524 -0.105808 93.283279 0.290599 0.119023 0.949413 2.089931 0.000000 0.000000 0.000000 1.000000
0.950233 0.012592 -0.311285 -0.066971 -0.054490 0.990498 -0.126268 95.590591 0.306737 0.136946 0.941891 1.332587 0.000000 0.000000 0.000000 1.000000
0.944042 -0.000305 -0.329825 -0.125377 -0.053281 0.986724 -0.153415 97.612068 0.325493 0.162404 0.931493 0.647659 0.000000 0.000000 0.000000 1.000000</float_array><technique_common><accessor source="#mixamorig12_Hips-Matrix-animation-output-transform-array" count="25" stride="16"><param type="float4x4"/></accessor></technique_common></source><source id="mixamorig12_Hips-Interpolations"><Name_array id="mixamorig12_Hips-Interpolations-array" count="25">
 LINEAR LINEAR LINEAR LINEAR LINEAR LINEAR LINEAR LINEAR LINEAR LINEAR LINEAR
LINEAR LINEAR LINEAR LINEAR LINEAR LINEAR LINEAR LINEAR LINEAR LINEAR LINEAR LINEAR
LINEAR LINEAR</Name_array><technique_common><accessor source="#mixamorig12_Hips-Interpolations-array" count="25"><param type="name"/></accessor></technique_common></source><sampler id="mixamorig12_Hips-Matrix-animation-transform"><input semantic="INPUT" source="#mixamorig12_Hips-Matrix-animation-input"/><input semantic="OUTPUT" source="#mixamorig12_Hips-Matrix-animation-output-transform"/><input semantic="INTERPOLATION" source="#mixamorig12_Hips-Interpolations"/></sampler><channel source="#mixamorig12_Hips-Matrix-animation-transform" target="mixamorig12_Hips/matrix"/></animation>
    <animation id="mixamorig12_Spine-anim" name="mixamorig12_Spine"><source id="mixamorig12_Spine-Matrix-animation-input"><float_array id="mixamorig12_Spine-Matrix-animation-input-array" count="25">

0.000000 0.033333 0.066667 0.100000 0.133333 0.166667 0.200000 0.233333 0.266667 0.300000 0.333333 0.366667 0.400000 0.433333 0.466667 0.500000
0.533333 0.566667 0.600000 0.633333 0.666667 0.700000 0.733333 0.766667 0.800000</float_array><technique_common><accessor source="#mixamorig12_Spine-Matrix-animation-input-array" count="25"><param name="TIME" type="float"/></accessor></technique_common></source><source id="mixamorig12_Spine-Matrix-animation-output-transform"><float_array id="mixamorig12_Spine-Matrix-animation-output-transform-array" count="400">

0.998923 -0.037057 0.027935 0.000000 0.035297 0.997510 0.061065 10.052400 -0.030128 -0.060013 0.997743 -1.105100 0.000000 0.000000 0.000000 1.000000
0.998527 -0.037794 0.038931 0.000000 0.035014 0.996947 0.069787 10.052400 -0.041450 -0.068321 0.996802 -1.105100 0.000000 0.000000 0.000000 1.000000
0.998076 -0.019013 0.059016 0.000000 0.014450 0.996941 0.076807 10.052400 -0.060295 -0.075806 0.995298 -1.105100 0.000000 0.000000 0.000000 1.000000
0.995981 -0.014728 0.088345 -0.000000 0.007417 0.996562 0.082517 10.052400 -0.089256 -0.081530 0.992666 -1.105100 0.000000 0.000000 0.000000 1.000000
0.986146 -0.065159 0.152549 0.000000 0.051455 0.994418 0.092118 10.052400 -0.157700 -0.082992 0.983993 -1.105100 0.000000 0.000000 0.000000 1.000000
0.986127 -0.073846 0.148659 0.000000 0.059472 0.993317 0.098920 10.052400 -0.154971 -0.088706 0.983928 -1.105100 0.000000 0.000000 0.000000 1.000000
0.992584 -0.031709 0.117355 0.000000 0.020307 0.995067 0.097102 10.052400 -0.119855 -0.093998 0.988332 -1.105100 0.000000 0.000000 0.000000 1.000000
0.995954 0.002527 0.089833 -0.000000 -0.010893 0.995629 0.092760 10.052400 -0.089206 -0.093363 0.991628 -1.105100 0.000000 0.000000 0.000000 1.000000
0.997458 0.015822 0.069477 0.000000 -0.021645 0.996241 0.083872 10.052400 -0.067889 -0.085163 0.994052 -1.105100 0.000000 0.000000 0.000000 1.000000
0.998795 0.011443 0.047722 0.000000 -0.014860 0.997302 0.071887 10.052400 -0.046771 -0.072510 0.996270 -1.105100 0.000000 0.000000 0.000000 1.000000
0.999258 -0.002688 0.038412 -0.000000 0.000272 0.998029 0.062759 10.052400 -0.038505 -0.062702 0.997289 -1.105100 0.000000 0.000000 0.000000 1.000000
0.999014 -0.012909 0.042471 0.000000 0.010304 0.998085 0.060999 10.052400 -0.043177 -0.060501 0.997234 -1.105100 0.000000 0.000000 0.000000 1.000000
0.999074 -0.014227 0.040609 0.000000 0.011606 0.997879 0.064049 10.052400 -0.041434 -0.063519 0.997120 -1.105100 0.000000 0.000000 0.000000 1.000000
0.999779 -0.005774 0.020235 0.000000 0.004399 0.997720 0.067350 10.052400 -0.020577 -0.067246 0.997524 -1.105100 0.000000 0.000000 0.000000 1.000000
0.999929 0.001139 -0.011846 0.000000 -0.000307 0.997546 0.070019 10.052400 0.011897 -0.070011 0.997475 -1.105100 0.000000 0.000000 0.000000 1.000000
0.997519 0.032823 -0.062275 0.000000 -0.028123 0.996795 0.074890 10.052400 0.064533 -0.072953 0.995245 -1.105100 0.000000 0.000000 0.000000 1.000000
0.982873 0.100905 -0.154202 -0.000000 -0.088376 0.992362 0.086068 10.052400 0.161709 -0.070967 0.984283 -1.105100 0.000000 0.000000 0.000000 1.000000
0.978113 0.115190 -0.173282 0.000000 -0.100264 0.990644 0.092584 10.052400 0.182326 -0.073183 0.980511 -1.105100 0.000000 0.000000 0.000000 1.000000
0.993654 0.028039 -0.108926 0.000000 -0.018884 0.996271 0.084188 10.052400 0.110881 -0.081597 0.990478 -1.105100 0.000000 0.000000 0.000000 1.000000
0.996073 -0.067392 -0.057416 -0.000000 0.071526 0.994743 0.073286 10.052400 0.052176 -0.077105 0.995657 -1.105100 0.000000 0.000000 0.000000 1.000000
0.995743 -0.085969 -0.033243 0.000000 0.087990 0.993994 0.065061 10.052400 0.027450 -0.067709 0.997327 -1.105100 0.000000 0.000000 0.000000 1.000000
0.996554 -0.082603 -0.007577 -0.000000 0.082908 0.994772 0.059618 10.052400 0.002613 -0.060041 0.998192 -1.105100 0.000000 0.000000 0.000000 1.000000
0.997907 -0.064048 0.008916 0.000000 0.063439 0.996357 0.056992 10.052400 -0.012534 -0.056307 0.998335 -1.105100 0.000000 0.000000 0.000000 1.000000
0.998872 -0.043983 0.017908 0.000000 0.042900 0.997458 0.056903 10.052400 -0.020365 -0.056071 0.998219 -1.105100 0.000000 0.000000 0.000000 1.000000
0.998923 -0.037058 0.027935 0.000000 0.035297 0.997510 0.061064 10.052400 -0.030128 -0.060013 0.997743 -1.105100 0.000000 0.000000 0.000000 1.000000</float_array><technique_common><accessor source="#mixamorig12_Spine-Matrix-animation-output-transform-array" count="25" stride="16"><param type="float4x4"/></accessor></technique_common></source><source id="mixamorig12_Spine-Interpolations"><Name_array id="mixamorig12_Spine-Interpolations-array" count="25">
 LINEAR LINEAR LINEAR LINEAR LINEAR LINEAR LINEAR LINEAR LINEAR LINEAR LINEAR
LINEAR LINEAR LINEAR LINEAR LINEAR LINEAR LINEAR LINEAR LINEAR LINEAR LINEAR LINEAR
LINEAR LINEAR</Name_array><technique_common><accessor source="#mixamorig12_Spine-Interpolations-array" count="25"><param type="name"/></accessor></technique_common></source><sampler id="mixamorig12_Spine-Matrix-animation-transform"><input semantic="INPUT" source="#mixamorig12_Spine-Matrix-animation-input"/><input semantic="OUTPUT" source="#mixamorig12_Spine-Matrix-animation-output-transform"/><input semantic="INTERPOLATION" source="#mixamorig12_Spine-Interpolations"/></sampler><channel source="#mixamorig12_Spine-Matrix-animation-transform" target="mixamorig12_Spine/matrix"/></animation>
    <animation id="mixamorig12_Spine1-anim" name="mixamorig12_Spine1"><source id="mixamorig12_Spine1-Matrix-animation-input"><float_array id="mixamorig12_Spine1-Matrix-animation-input-array" count="25">

0.000000 0.033333 0.066667 0.100000 0.133333 0.166667 0.200000 0.233333 0.266667 0.300000 0.333333 0.366667 0.400000 0.433333 0.466667 0.500000
0.533333 0.566667 0.600000 0.633333 0.666667 0.700000 0.733333 0.766667 0.800000</float_array><technique_common><accessor source="#mixamorig12_Spine1-Matrix-animation-input-array" count="25"><param name="TIME" type="float"/></accessor></technique_common></source><source id="mixamorig12_Spine1-Matrix-animation-output-transform"><float_array id="mixamorig12_Spine1-Matrix-animation-output-transform-array" count="400">

0.996977 -0.003924 -0.077600 -0.000000 0.000271 0.998893 -0.047033 11.798400 0.077698 0.046870 0.995875 -0.000000 0.000000 0.000000 0.000000 1.000000
0.997445 -0.002254 -0.071408 -0.000000 -0.000584 0.999212 -0.039690 11.798400 0.071441 0.039630 0.996657 0.000000 0.000000 0.000000 0.000000 1.000000
0.998130 0.000589 -0.061121 0.000000 -0.002646 0.999432 -0.033583 11.798400 0.061066 0.033682 0.997565 0.000000 0.000000 0.000000 0.000000 1.000000
0.998902 0.002534 -0.046790 0.000000 -0.003888 0.999575 -0.028883 11.798400 0.046697 0.029033 0.998487 -0.000000 0.000000 0.000000 0.000000 1.000000
0.999464 0.001389 -0.032704 -0.000000 -0.002171 0.999713 -0.023878 11.798400 0.032662 0.023937 0.999180 0.000000 0.000000 0.000000 0.000000 1.000000
0.999706 0.004361 -0.023869 0.000000 -0.004828 0.999797 -0.019563 11.798400 0.023779 0.019672 0.999524 -0.000000 0.000000 0.000000 0.000000 1.000000
0.999675 0.010814 -0.023085 -0.000000 -0.011216 0.999787 -0.017351 11.798400 0.022893 0.017604 0.999583 0.000000 0.000000 0.000000 0.000000 1.000000
0.999392 0.016457 -0.030750 0.000000 -0.017042 0.999677 -0.018867 11.798400 0.030429 0.019380 0.999349 0.000000 0.000000 0.000000 0.000000 1.000000
0.998725 0.022557 -0.045162 0.000000 -0.023768 0.999368 -0.026446 11.798400 0.044537 0.027486 0.998630 -0.000000 0.000000 0.000000 0.000000 1.000000
0.997910 0.025595 -0.059327 -0.000000 -0.027813 0.998933 -0.036875 11.798400 0.058320 0.038448 0.997557 0.000000 0.000000 0.000000 0.000000 1.000000
0.997653 0.021542 -0.064993 0.000000 -0.024483 0.998696 -0.044804 11.798400 0.063943 0.046290 0.996879 0.000000 0.000000 0.000000 0.000000 1.000000
0.997864 0.013250 -0.063969 0.000000 -0.016259 0.998774 -0.046749 11.798400 0.063271 0.047689 0.996856 -0.000000 0.000000 0.000000 0.000000 1.000000
0.997710 0.005987 -0.067366 0.000000 -0.009016 0.998958 -0.044743 11.798400 0.067028 0.045248 0.996725 -0.000000 0.000000 0.000000 0.000000 1.000000
0.996668 0.001904 -0.081541 -0.000000 -0.005370 0.999090 -0.042311 11.798400 0.081387 0.042608 0.995771 -0.000000 0.000000 0.000000 0.000000 1.000000
0.994829 -0.000689 -0.101565 -0.000000 -0.003415 0.999184 -0.040234 11.798400 0.101510 0.040373 0.994015 0.000000 0.000000 0.000000 0.000000 1.000000
0.992867 -0.000087 -0.119231 0.000000 -0.004265 0.999334 -0.036249 11.798400 0.119155 0.036499 0.992205 -0.000000 0.000000 0.000000 0.000000 1.000000
0.991357 0.004680 -0.131106 -0.000000 -0.008670 0.999516 -0.029881 11.798400 0.130903 0.030760 0.990918 -0.000000 0.000000 0.000000 0.000000 1.000000
0.990616 0.007586 -0.136463 0.000000 -0.011308 0.999584 -0.026519 11.798400 0.136205 0.027814 0.990290 0.000000 0.000000 0.000000 0.000000 1.000000
0.991090 0.001094 -0.133192 0.000000 -0.005076 0.999550 -0.029560 11.798400 0.133100 0.029973 0.990649 -0.000000 0.000000 0.000000 0.000000 1.000000
0.992539 -0.010684 -0.121459 0.000000 0.006140 0.999269 -0.037720 11.798400 0.121773 0.036693 0.991879 -0.000000 0.000000 0.000000 0.000000 1.000000
0.994026 -0.017076 -0.107797 0.000000 0.012169 0.998867 -0.046014 11.798400 0.108460 0.044428 0.993108 0.000000 0.000000 0.000000 0.000000 1.000000
0.994982 -0.018279 -0.098367 0.000000 0.013338 0.998627 -0.050654 11.798400 0.099158 0.049088 0.993860 0.000000 0.000000 0.000000 0.000000 1.000000
0.995585 -0.014322 -0.092768 0.000000 0.009547 0.998616 -0.051716 11.798400 0.093380 0.050602 0.994344 0.000000 0.000000 0.000000 0.000000 1.000000
0.996207 -0.008562 -0.086588 -0.000000 0.004171 0.998702 -0.050762 11.798400 0.086910 0.050209 0.994950 0.000000 0.000000 0.000000 0.000000 1.000000
0.996977 -0.003924 -0.077600 -0.000000 0.000271 0.998893 -0.047033 11.798400 0.077698 0.046870 0.995875 0.000000 0.000000 0.000000 0.000000 1.000000</float_array><technique_common><accessor source="#mixamorig12_Spine1-Matrix-animation-output-transform-array" count="25" stride="16"><param type="float4x4"/></accessor></technique_common></source><source id="mixamorig12_Spine1-Interpolations"><Name_array id="mixamorig12_Spine1-Interpolations-array" count="25">
 LINEAR LINEAR LINEAR LINEAR LINEAR LINEAR LINEAR LINEAR LINEAR LINEAR LINEAR
LINEAR LINEAR LINEAR LINEAR LINEAR LINEAR LINEAR LINEAR LINEAR LINEAR LINEAR LINEAR
LINEAR LINEAR</Name_array><technique_common><accessor source="#mixamorig12_Spine1-Interpolations-array" count="25"><param type="name"/></accessor></technique_common></source><sampler id="mixamorig12_Spine1-Matrix-animation-transform"><input semantic="INPUT" source="#mixamorig12_Spine1-Matrix-animation-input"/><input semantic="OUTPUT" source="#mixamorig12_Spine1-Matrix-animation-output-transform"/><input semantic="INTERPOLATION" source="#mixamorig12_Spine1-Interpolations"/></sampler><channel source="#mixamorig12_Spine1-Matrix-animation-transform" target="mixamorig12_Spine1/matrix"/></animation>
    <animation id="mixamorig12_Spine2-anim" name="mixamorig12_Spine2"><source id="mixamorig12_Spine2-Matrix-animation-input"><float_array id="mixamorig12_Spine2-Matrix-animation-input-array" count="25">

0.000000 0.033333 0.066667 0.100000 0.133333 0.166667 0.200000 0.233333 0.266667 0.300000 0.333333 0.366667 0.400000 0.433333 0.466667 0.500000
0.533333 0.566667 0.600000 0.633333 0.666667 0.700000 0.733333 0.766667 0.800000</float_array><technique_common><accessor source="#mixamorig12_Spine2-Matrix-animation-input-array" count="25"><param name="TIME" type="float"/></accessor></technique_common></source><source id="mixamorig12_Spine2-Matrix-animation-output-transform"><float_array id="mixamorig12_Spine2-Matrix-animation-output-transform-array" count="400">

0.984969 -0.062714 -0.160943 -0.000000 0.054196 0.996914 -0.056785 13.483900 0.164008 0.047209 0.985329 0.000000 0.000000 0.000000 0.000000 1.000000
0.986061 -0.061067 -0.154774 -0.000000 0.054015 0.997319 -0.049375 13.483900 0.157375 0.040327 0.986715 -0.000000 0.000000 0.000000 0.000000 1.000000
0.987765 -0.058242 -0.144666 -0.000000 0.052528 0.997693 -0.043016 13.483900 0.146837 0.034890 0.988545 -0.000000 0.000000 0.000000 0.000000 1.000000
0.989862 -0.056364 -0.130372 0.000000 0.051787 0.997926 -0.038236 13.483900 0.132257 0.031097 0.990728 0.000000 0.000000 0.000000 0.000000 1.000000
0.991592 -0.057564 -0.115894 0.000000 0.054036 0.997982 -0.033358 13.483900 0.117580 0.026815 0.992701 0.000000 0.000000 0.000000 0.000000 1.000000
0.992745 -0.054630 -0.107112 0.000000 0.051813 0.998238 -0.028918 13.483900 0.108503 0.023158 0.993826 -0.000000 0.000000 0.000000 0.000000 1.000000
0.993123 -0.048204 -0.106693 0.000000 0.045640 0.998611 -0.026342 13.483900 0.107814 0.021291 0.993943 0.000000 0.000000 0.000000 0.000000 1.000000
0.992499 -0.042557 -0.114610 0.000000 0.039657 0.998836 -0.027465 13.483900 0.115646 0.022714 0.993031 -0.000000 0.000000 0.000000 0.000000 1.000000
0.990977 -0.036355 -0.129005 -0.000000 0.032168 0.998890 -0.034396 13.483900 0.130112 0.029935 0.991047 0.000000 0.000000 0.000000 0.000000 1.000000
0.989181 -0.033170 -0.142900 -0.000000 0.027074 0.998647 -0.044400 13.483900 0.144179 0.040050 0.988741 0.000000 0.000000 0.000000 0.000000 1.000000
0.988247 -0.037185 -0.148272 0.000000 0.029660 0.998173 -0.052641 13.483900 0.149958 0.047624 0.987545 0.000000 0.000000 0.000000 0.000000 1.000000
0.988061 -0.045502 -0.147189 0.000000 0.037710 0.997757 -0.055307 13.483900 0.149375 0.049096 0.987561 0.000000 0.000000 0.000000 0.000000 1.000000
0.987161 -0.052735 -0.150772 0.000000 0.045060 0.997530 -0.053877 13.483900 0.153240 0.046391 0.987099 -0.000000 0.000000 0.000000 0.000000 1.000000
0.984631 -0.056688 -0.165192 0.000000 0.048772 0.997477 -0.051589 13.483900 0.167700 0.042739 0.984911 0.000000 0.000000 0.000000 0.000000 1.000000
0.980904 -0.059143 -0.185280 0.000000 0.050813 0.997486 -0.049394 13.483900 0.187736 0.039036 0.981444 0.000000 0.000000 0.000000 0.000000 1.000000
0.977413 -0.058610 -0.203050 -0.000000 0.050497 0.997714 -0.044911 13.483900 0.205218 0.033643 0.978138 0.000000 0.000000 0.000000 0.000000 1.000000
0.975104 -0.054069 -0.215054 -0.000000 0.047060 0.998185 -0.037582 13.483900 0.216696 0.026526 0.975879 -0.000000 0.000000 0.000000 0.000000 1.000000
0.974131 -0.051104 -0.220131 0.000000 0.044752 0.998428 -0.033748 13.483900 0.221510 0.023024 0.974886 -0.000000 0.000000 0.000000 0.000000 1.000000
0.974674 -0.057224 -0.216185 0.000000 0.050147 0.998015 -0.038085 13.483900 0.217935 0.026280 0.975609 0.000000 0.000000 0.000000 0.000000 1.000000
0.976529 -0.068732 -0.204123 -0.000000 0.060105 0.997029 -0.048174 13.483900 0.206828 0.034775 0.977759 0.000000 0.000000 0.000000 0.000000 1.000000
0.978790 -0.075227 -0.190554 0.000000 0.065468 0.996225 -0.057011 13.483900 0.194123 0.043327 0.980020 0.000000 0.000000 0.000000 0.000000 1.000000
0.980445 -0.076689 -0.181235 -0.000000 0.066493 0.995878 -0.061690 13.483900 0.185218 0.048433 0.981503 0.000000 0.000000 0.000000 0.000000 1.000000
0.981732 -0.072967 -0.175724 0.000000 0.062868 0.996071 -0.062375 13.483900 0.179585 0.050188 0.982461 0.000000 0.000000 0.000000 0.000000 1.000000
0.983190 -0.067324 -0.169721 0.000000 0.057722 0.996474 -0.060893 13.483900 0.173222 0.050073 0.983609 -0.000000 0.000000 0.000000 0.000000 1.000000
0.984969 -0.062714 -0.160943 0.000000 0.054196 0.996914 -0.056785 13.483900 0.164008 0.047209 0.985329 -0.000000 0.000000 0.000000 0.000000 1.000000</float_array><technique_common><accessor source="#mixamorig12_Spine2-Matrix-animation-output-transform-array" count="25" stride="16"><param type="float4x4"/></accessor></technique_common></source><source id="mixamorig12_Spine2-Interpolations"><Name_array id="mixamorig12_Spine2-Interpolations-array" count="25">
 LINEAR LINEAR LINEAR LINEAR LINEAR LINEAR LINEAR LINEAR LINEAR LINEAR LINEAR
LINEAR LINEAR LINEAR LINEAR LINEAR LINEAR LINEAR LINEAR LINEAR LINEAR LINEAR LINEAR
LINEAR LINEAR</Name_array><technique_common><accessor source="#mixamorig12_Spine2-Interpolations-array" count="25"><param type="name"/></accessor></technique_common></source><sampler id="mixamorig12_Spine2-Matrix-animation-transform"><input semantic="INPUT" source="#mixamorig12_Spine2-Matrix-animation-input"/><input semantic="OUTPUT" source="#mixamorig12_Spine2-Matrix-animation-output-transform"/><input semantic="INTERPOLATION" source="#mixamorig12_Spine2-Interpolations"/></sampler><channel source="#mixamorig12_Spine2-Matrix-animation-transform" target="mixamorig12_Spine2/matrix"/></animation>
    <animation id="mixamorig12_Neck-anim" name="mixamorig12_Neck"><source id="mixamorig12_Neck-Matrix-animation-input"><float_array id="mixamorig12_Neck-Matrix-animation-input-array" count="25">

0.000000 0.033333 0.066667 0.100000 0.133333 0.166667 0.200000 0.233333 0.266667 0.300000 0.333333 0.366667 0.400000 0.433333 0.466667 0.500000
0.533333 0.566667 0.600000 0.633333 0.666667 0.700000 0.733333 0.766667 0.800000</float_array><technique_common><accessor source="#mixamorig12_Neck-Matrix-animation-input-array" count="25"><param name="TIME" type="float"/></accessor></technique_common></source><source id="mixamorig12_Neck-Matrix-animation-output-transform"><float_array id="mixamorig12_Neck-Matrix-animation-output-transform-array" count="400">

0.989933 0.076751 0.118922 0.000000 -0.035941 0.948982 -0.313274 15.169400 -0.136899 0.305846 0.942187 0.000000 0.000000 0.000000 0.000000 1.000000
0.989877 0.079967 0.117255 0.000000 -0.039697 0.949183 -0.312210 15.169400 -0.136263 0.304395 0.942749 0.000000 0.000000 0.000000 0.000000 1.000000
0.989989 0.081126 0.115503 0.000000 -0.042140 0.950878 -0.306684 15.169400 -0.134710 0.298746 0.944777 0.000000 0.000000 0.000000 0.000000 1.000000
0.990276 0.081210 0.112954 0.000000 -0.043596 0.952189 -0.302383 15.169400 -0.132110 0.294518 0.946470 -0.000000 0.000000 0.000000 0.000000 1.000000
0.990402 0.085342 0.108723 0.000000 -0.048272 0.950652 -0.306481 15.169400 -0.129513 0.298291 0.945647 0.000000 0.000000 0.000000 0.000000 1.000000
0.990615 0.082914 0.108664 0.000000 -0.044928 0.948345 -0.314043 15.169400 -0.129089 0.306214 0.943170 0.000000 0.000000 0.000000 0.000000 1.000000
0.990709 0.076822 0.112225 0.000000 -0.037225 0.946846 -0.319525 15.169400 -0.130807 0.312378 0.940909 0.000000 0.000000 0.000000 0.000000 1.000000
0.990592 0.070457 0.117317 0.000000 -0.029765 0.947684 -0.317818 15.169400 -0.133572 0.311336 0.940866 0.000000 0.000000 0.000000 0.000000 1.000000
0.990340 0.065802 0.122051 0.000000 -0.025084 0.950721 -0.309031 15.169400 -0.136371 0.302984 0.943188 0.000000 0.000000 0.000000 0.000000 1.000000
0.990089 0.065949 0.123992 0.000000 -0.025565 0.952767 -0.302624 15.169400 -0.138093 0.296454 0.945011 0.000000 0.000000 0.000000 0.000000 1.000000
0.989870 0.072021 0.122350 0.000000 -0.031589 0.951904 -0.304763 15.169400 -0.138415 0.297811 0.944537 -0.000000 0.000000 0.000000 0.000000 1.000000
0.989541 0.079304 0.120495 0.000000 -0.038213 0.949590 -0.311158 15.169400 -0.139096 0.303299 0.942689 0.000000 0.000000 0.000000 0.000000 1.000000
0.989084 0.081746 0.122595 0.000000 -0.039637 0.948938 -0.312964 15.169400 -0.141919 0.304688 0.941820 0.000000 0.000000 0.000000 0.000000 1.000000
0.988637 0.077821 0.128610 0.000000 -0.034658 0.950518 -0.308729 15.169400 -0.146272 0.300764 0.942415 -0.000000 0.000000 0.000000 0.000000 1.000000
0.988296 0.071659 0.134668 0.000000 -0.027556 0.952139 -0.304422 15.169400 -0.150037 0.297148 0.942970 -0.000000 0.000000 0.000000 0.000000 1.000000
0.988128 0.064931 0.139240 0.000000 -0.019465 0.951911 -0.305757 15.169400 -0.152397 0.299416 0.941873 -0.000000 0.000000 0.000000 0.000000 1.000000
0.988061 0.061310 0.141337 0.000000 -0.014400 0.950140 -0.311492 15.169400 -0.153388 0.305738 0.939679 0.000000 0.000000 0.000000 0.000000 1.000000
0.988094 0.068035 0.137989 0.000000 -0.021587 0.949344 -0.313496 15.169400 -0.152328 0.306785 0.939510 -0.000000 0.000000 0.000000 0.000000 1.000000
0.988137 0.081302 0.130289 -0.000000 -0.037153 0.949727 -0.310866 15.169400 -0.149013 0.302338 0.941481 0.000000 0.000000 0.000000 0.000000 1.000000
0.988360 0.087123 0.124717 0.000000 -0.045122 0.950771 -0.306591 15.169400 -0.145288 0.297395 0.943635 0.000000 0.000000 0.000000 0.000000 1.000000
0.988626 0.088372 0.121694 0.000000 -0.047625 0.951468 -0.304041 15.169400 -0.142656 0.294788 0.944854 0.000000 0.000000 0.000000 0.000000 1.000000
0.988936 0.085835 0.120986 -0.000000 -0.045097 0.950950 -0.306040 15.169400 -0.141321 0.297198 0.944300 -0.000000 0.000000 0.000000 0.000000 1.000000
0.989319 0.081387 0.120931 0.000000 -0.040243 0.949870 -0.310045 15.169400 -0.140102 0.301867 0.942999 0.000000 0.000000 0.000000 0.000000 1.000000
0.989706 0.077457 0.120343 0.000000 -0.036286 0.949213 -0.312534 15.169400 -0.138439 0.304950 0.942253 0.000000 0.000000 0.000000 0.000000 1.000000
0.989933 0.076751 0.118922 -0.000000 -0.035941 0.948982 -0.313274 15.169400 -0.136899 0.305846 0.942187 0.000000 0.000000 0.000000 0.000000 1.000000</float_array><technique_common><accessor source="#mixamorig12_Neck-Matrix-animation-output-transform-array" count="25" stride="16"><param type="float4x4"/></accessor></technique_common></source><source id="mixamorig12_Neck-Interpolations"><Name_array id="mixamorig12_Neck-Interpolations-array" count="25">
 LINEAR LINEAR LINEAR LINEAR LINEAR LINEAR LINEAR LINEAR LINEAR LINEAR LINEAR
LINEAR LINEAR LINEAR LINEAR LINEAR LINEAR LINEAR LINEAR LINEAR LINEAR LINEAR LINEAR
LINEAR LINEAR</Name_array><technique_common><accessor source="#mixamorig12_Neck-Interpolations-array" count="25"><param type="name"/></accessor></technique_common></source><sampler id="mixamorig12_Neck-Matrix-animation-transform"><input semantic="INPUT" source="#mixamorig12_Neck-Matrix-animation-input"/><input semantic="OUTPUT" source="#mixamorig12_Neck-Matrix-animation-output-transform"/><input semantic="INTERPOLATION" source="#mixamorig12_Neck-Interpolations"/></sampler><channel source="#mixamorig12_Neck-Matrix-animation-transform" target="mixamorig12_Neck/matrix"/></animation>
    <animation id="mixamorig12_Head-anim" name="mixamorig12_Head"><source id="mixamorig12_Head-Matrix-animation-input"><float_array id="mixamorig12_Head-Matrix-animation-input-array" count="25">

0.000000 0.033333 0.066667 0.100000 0.133333 0.166667 0.200000 0.233333 0.266667 0.300000 0.333333 0.366667 0.400000 0.433333 0.466667 0.500000
0.533333 0.566667 0.600000 0.633333 0.666667 0.700000 0.733333 0.766667 0.800000</float_array><technique_common><accessor source="#mixamorig12_Head-Matrix-animation-input-array" count="25"><param name="TIME" type="float"/></accessor></technique_common></source><source id="mixamorig12_Head-Matrix-animation-output-transform"><float_array id="mixamorig12_Head-Matrix-animation-output-transform-array" count="400">

0.990981 0.080437 0.107177 0.000000 -0.054843 0.973204 -0.223309 7.383900 -0.122267 0.215417 0.968837 2.849900 0.000000 0.000000 0.000000 1.000000
0.990932 0.083254 0.105460 -0.000000 -0.058134 0.973288 -0.222105 7.383900 -0.121134 0.213961 0.969302 2.849900 0.000000 0.000000 0.000000 1.000000
0.991041 0.083971 0.103854 -0.000000 -0.059897 0.974480 -0.216334 7.383900 -0.119370 0.208175 0.970780 2.849900 0.000000 0.000000 0.000000 1.000000
0.991344 0.083414 0.101386 0.000000 -0.060409 0.975432 -0.211856 7.383900 -0.116567 0.203898 0.972028 2.849900 0.000000 0.000000 0.000000 1.000000
0.991568 0.086449 0.096535 0.000000 -0.063909 0.974291 -0.216041 7.383900 -0.112730 0.208049 0.971600 2.849900 0.000000 0.000000 0.000000 1.000000
0.991755 0.083732 0.097011 -0.000000 -0.060246 0.972788 -0.223729 7.383900 -0.113105 0.216040 0.969811 2.849900 0.000000 0.000000 0.000000 1.000000
0.991734 0.078181 0.101740 -0.000000 -0.053096 0.971911 -0.229282 7.383900 -0.116808 0.221985 0.968028 2.849900 0.000000 0.000000 0.000000 1.000000
0.991512 0.072796 0.107729 0.000000 -0.046689 0.972650 -0.227536 7.383900 -0.121346 0.220575 0.967792 2.849900 0.000000 0.000000 0.000000 1.000000
0.991214 0.069178 0.112737 0.000000 -0.043168 0.974848 -0.218650 7.383900 -0.125028 0.211862 0.969269 2.849900 0.000000 0.000000 0.000000 1.000000
0.990982 0.069892 0.114320 0.000000 -0.044367 0.976211 -0.212233 7.383900 -0.126433 0.205247 0.970509 2.849900 0.000000 0.000000 0.000000 1.000000
0.990826 0.075841 0.111856 0.000000 -0.050452 0.975429 -0.214459 7.383900 -0.125373 0.206849 0.970307 2.849900 0.000000 0.000000 0.000000 1.000000
0.990556 0.082785 0.109293 0.000000 -0.056989 0.973616 -0.220963 7.383900 -0.124701 0.212647 0.969139 2.849900 0.000000 0.000000 0.000000 1.000000
0.990112 0.085474 0.111235 0.000000 -0.058968 0.973070 -0.222841 7.383900 -0.127287 0.214079 0.968488 2.849900 0.000000 0.000000 0.000000 1.000000
0.989628 0.082553 0.117564 0.000000 -0.055291 0.974229 -0.218678 7.383900 -0.132587 0.209910 0.968689 2.849900 0.000000 0.000000 0.000000 1.000000
0.989260 0.077501 0.123925 -0.000000 -0.049538 0.975448 -0.214584 7.383900 -0.137513 0.206140 0.968812 2.849900 0.000000 0.000000 0.000000 1.000000
0.989037 0.071776 0.129052 -0.000000 -0.042570 0.975409 -0.216254 7.383900 -0.141400 0.208390 0.967770 2.849900 0.000000 0.000000 0.000000 1.000000
0.988893 0.068932 0.131677 0.000000 -0.038313 0.974231 -0.222273 7.383900 -0.143606 0.214759 0.966052 2.849900 0.000000 0.000000 0.000000 1.000000
0.988961 0.075553 0.127470 0.000000 -0.045466 0.973473 -0.224241 7.383900 -0.141030 0.215970 0.966161 2.849900 0.000000 0.000000 0.000000 1.000000
0.989152 0.087717 0.117829 -0.000000 -0.059961 0.973372 -0.221252 7.383900 -0.134099 0.211787 0.968072 2.849900 0.000000 0.000000 0.000000 1.000000
0.989433 0.092603 0.111568 -0.000000 -0.066731 0.973975 -0.216610 7.383900 -0.128723 0.206876 0.969862 2.849900 0.000000 0.000000 0.000000 1.000000
0.989735 0.093114 0.108414 -0.000000 -0.068249 0.974471 -0.213887 7.383900 -0.125562 0.204293 0.970824 2.849900 0.000000 0.000000 0.000000 1.000000
0.990061 0.090181 0.107922 0.000000 -0.065198 0.974224 -0.215955 7.383900 -0.124616 0.206773 0.970421 2.849900 0.000000 0.000000 0.000000 1.000000
0.990434 0.085557 0.108258 -0.000000 -0.060044 0.973622 -0.220123 7.383900 -0.124236 0.211517 0.969446 2.849900 0.000000 0.000000 0.000000 1.000000
0.990788 0.081471 0.108173 0.000000 -0.055722 0.973300 -0.222671 7.383900 -0.123426 0.214592 0.968874 2.849900 0.000000 0.000000 0.000000 1.000000
0.990981 0.080437 0.107177 0.000000 -0.054843 0.973204 -0.223309 7.383900 -0.122267 0.215417 0.968838 2.849900 0.000000 0.000000 0.000000 1.000000</float_array><technique_common><accessor source="#mixamorig12_Head-Matrix-animation-output-transform-array" count="25" stride="16"><param type="float4x4"/></accessor></technique_common></source><source id="mixamorig12_Head-Interpolations"><Name_array id="mixamorig12_Head-Interpolations-array" count="25">
 LINEAR LINEAR LINEAR LINEAR LINEAR LINEAR LINEAR LINEAR LINEAR LINEAR LINEAR
LINEAR LINEAR LINEAR LINEAR LINEAR LINEAR LINEAR LINEAR LINEAR LINEAR LINEAR LINEAR
LINEAR LINEAR</Name_array><technique_common><accessor source="#mixamorig12_Head-Interpolations-array" count="25"><param type="name"/></accessor></technique_common></source><sampler id="mixamorig12_Head-Matrix-animation-transform"><input semantic="INPUT" source="#mixamorig12_Head-Matrix-animation-input"/><input semantic="OUTPUT" source="#mixamorig12_Head-Matrix-animation-output-transform"/><input semantic="INTERPOLATION" source="#mixamorig12_Head-Interpolations"/></sampler><channel source="#mixamorig12_Head-Matrix-animation-transform" target="mixamorig12_Head/matrix"/></animation>
    <animation id="mixamorig12_LeftShoulder-anim" name="mixamorig12_LeftShoulder"><source id="mixamorig12_LeftShoulder-Matrix-animation-input"><float_array id="mixamorig12_LeftShoulder-Matrix-animation-input-array" count="25">

0.000000 0.033333 0.066667 0.100000 0.133333 0.166667 0.200000 0.233333 0.266667 0.300000 0.333333 0.366667 0.400000 0.433333 0.466667 0.500000
0.533333 0.566667 0.600000 0.633333 0.666667 0.700000 0.733333 0.766667 0.800000</float_array><technique_common><accessor source="#mixamorig12_LeftShoulder-Matrix-animation-input-array" count="25"><param name="TIME" type="float"/></accessor></technique_common></source><source id="mixamorig12_LeftShoulder-Matrix-animation-output-transform"><float_array id="mixamorig12_LeftShoulder-Matrix-animation-output-transform-array" count="400">

-0.141749 0.863662 -0.483730 7.052500 0.071012 -0.478533 -0.875193 13.015400 -0.987352 -0.158409 0.006501 -0.256200 0.000000 0.000000 0.000000 1.000000
-0.145800 0.863892 -0.482113 7.052500 0.070275 -0.477046 -0.876064 13.015400 -0.986815 -0.161610 0.008843 -0.256200 0.000000 0.000000 0.000000 1.000000
-0.152258 0.872115 -0.465009 7.052500 0.062360 -0.461080 -0.885165 13.015400 -0.986372 -0.163771 0.015818 -0.256200 0.000000 0.000000 0.000000 1.000000
-0.164024 0.882020 -0.441743 7.052500 0.051471 -0.439546 -0.896744 13.015400 -0.985113 -0.169825 0.026697 -0.256200 0.000000 0.000000 0.000000 1.000000
-0.179527 0.886189 -0.427130 7.052500 0.044406 -0.426442 -0.903424 13.015400 -0.982750 -0.181156 0.037206 -0.256200 0.000000 0.000000 0.000000 1.000000
-0.195907 0.882418 -0.427737 7.052500 0.044446 -0.427751 -0.902803 13.015400 -0.979615 -0.195877 0.044579 -0.256200 0.000000 0.000000 0.000000 1.000000
-0.207527 0.875086 -0.437214 7.052500 0.048927 -0.437100 -0.898081 13.015400 -0.977005 -0.207767 0.047895 -0.256200 0.000000 0.000000 0.000000 1.000000
-0.207504 0.871306 -0.444711 7.052500 0.052580 -0.444014 -0.894476 13.015400 -0.976820 -0.208990 0.046321 -0.256200 0.000000 0.000000 0.000000 1.000000
-0.195988 0.873779 -0.445084 7.052500 0.052741 -0.443836 -0.894554 13.015400 -0.979187 -0.198796 0.040902 -0.256200 0.000000 0.000000 0.000000 1.000000
-0.182253 0.878256 -0.442098 7.052500 0.051319 -0.440519 -0.896275 13.015400 -0.981911 -0.186037 0.035214 -0.256200 0.000000 0.000000 0.000000 1.000000
-0.177325 0.877304 -0.445974 7.052500 0.053175 -0.443953 -0.894471 13.015400 -0.982715 -0.182326 0.032073 -0.256200 0.000000 0.000000 0.000000 1.000000
-0.181836 0.869029 -0.460135 7.052500 0.059991 -0.457260 -0.887307 13.015400 -0.981497 -0.188948 0.031012 -0.256200 0.000000 0.000000 0.000000 1.000000
-0.183635 0.860783 -0.474690 7.052500 0.067121 -0.470795 -0.879686 13.015400 -0.980700 -0.193403 0.028678 -0.256200 0.000000 0.000000 0.000000 1.000000
-0.174350 0.860074 -0.479453 7.052500 0.069338 -0.474979 -0.877261 13.015400 -0.982240 -0.186195 0.023177 -0.256200 0.000000 0.000000 0.000000 1.000000
-0.159173 0.865906 -0.474205 7.052500 0.066625 -0.469812 -0.880249 13.015400 -0.985000 -0.171706 0.017090 -0.256200 0.000000 0.000000 0.000000 1.000000
-0.146467 0.871669 -0.467697 7.052500 0.063440 -0.463545 -0.883799 13.015400 -0.987179 -0.159118 0.012596 -0.256200 0.000000 0.000000 0.000000 1.000000
-0.137756 0.873732 -0.466492 7.052500 0.062838 -0.462324 -0.884482 13.015400 -0.988471 -0.151156 0.008784 -0.256200 0.000000 0.000000 0.000000 1.000000
-0.130593 0.874276 -0.467533 7.052500 0.063300 -0.463256 -0.883961 13.015400 -0.989413 -0.145034 0.005156 -0.256200 0.000000 0.000000 0.000000 1.000000
-0.125415 0.875648 -0.466381 7.052500 0.062736 -0.462152 -0.884579 13.015400 -0.990119 -0.140199 0.003026 -0.256200 0.000000 0.000000 0.000000 1.000000
-0.124835 0.876389 -0.465143 7.052500 0.062128 -0.460986 -0.885230 13.015400 -0.990231 -0.139406 0.003099 -0.256200 0.000000 0.000000 0.000000 1.000000
-0.128344 0.875116 -0.466583 7.052500 0.062771 -0.462363 -0.884466 13.015400 -0.989741 -0.142804 0.004410 -0.256200 0.000000 0.000000 0.000000 1.000000
-0.132142 0.873421 -0.468695 7.052500 0.063748 -0.464374 -0.883342 13.015400 -0.989179 -0.146605 0.005684 -0.256200 0.000000 0.000000 0.000000 1.000000
-0.134160 0.871717 -0.471287 7.052500 0.064966 -0.466826 -0.881960 13.015400 -0.988828 -0.148942 0.005997 -0.256200 0.000000 0.000000 0.000000 1.000000
-0.136737 0.868039 -0.477296 7.052500 0.067847 -0.472484 -0.878724 13.015400 -0.988281 -0.152537 0.005712 -0.256200 0.000000 0.000000 0.000000 1.000000
-0.141749 0.863662 -0.483730 7.052500 0.071012 -0.478533 -0.875193 13.015400 -0.987352 -0.158409 0.006501 -0.256200 0.000000 0.000000 0.000000 1.000000</float_array><technique_common><accessor source="#mixamorig12_LeftShoulder-Matrix-animation-output-transform-array" count="25" stride="16"><param type="float4x4"/></accessor></technique_common></source><source id="mixamorig12_LeftShoulder-Interpolations"><Name_array id="mixamorig12_LeftShoulder-Interpolations-array" count="25">
 LINEAR LINEAR LINEAR LINEAR LINEAR LINEAR LINEAR LINEAR LINEAR LINEAR LINEAR
LINEAR LINEAR LINEAR LINEAR LINEAR LINEAR LINEAR LINEAR LINEAR LINEAR LINEAR LINEAR
LINEAR LINEAR</Name_array><technique_common><accessor source="#mixamorig12_LeftShoulder-Interpolations-array" count="25"><param type="name"/></accessor></technique_common></source><sampler id="mixamorig12_LeftShoulder-Matrix-animation-transform"><input semantic="INPUT" source="#mixamorig12_LeftShoulder-Matrix-animation-input"/><input semantic="OUTPUT" source="#mixamorig12_LeftShoulder-Matrix-animation-output-transform"/><input semantic="INTERPOLATION" source="#mixamorig12_LeftShoulder-Interpolations"/></sampler><channel source="#mixamorig12_LeftShoulder-Matrix-animation-transform" target="mixamorig12_LeftShoulder/matrix"/></animation>
    <animation id="mixamorig12_LeftArm-anim" name="mixamorig12_LeftArm"><source id="mixamorig12_LeftArm-Matrix-animation-input"><float_array id="mixamorig12_LeftArm-Matrix-animation-input-array" count="25">

0.000000 0.033333 0.066667 0.100000 0.133333 0.166667 0.200000 0.233333 0.266667 0.300000 0.333333 0.366667 0.400000 0.433333 0.466667 0.500000
