<?xml version="1.0" encoding="utf-8"?>
<COLLADA xmlns="http://www.collada.org/2005/11/COLLADASchema" version="1.4.1">
  <asset><contributor><author>Mixamo</author><authoring_tool>COLLADA Mixamo exporter</authoring_tool><comments></comments></contributor><created>2019-11-04T18:34:05Z</created><modified>2019-11-04T18:34:05Z</modified><revision></revision><title></title><unit meter="0.010000"/><up_axis>Y_UP</up_axis></asset>
  <library_animations>
    <animation id="mixamorig12_Hips-anim" name="mixamorig12_Hips"><source id="mixamorig12_Hips-Matrix-animation-input"><float_array id="mixamorig12_Hips-Matrix-animation-input-array" count="37">

0.000000 0.033333 0.066667 0.100000 0.133333 0.166667 0.200000 0.233333 0.266667 0.300000 0.333333 0.366667 0.400000 0.433333 0.466667 0.500000
0.533333 0.566667 0.600000 0.633333 0.666667 0.700000 0.733333 0.766667 0.800000 0.833333 0.866667 0.900000 0.933333 0.966667 1.000000 1.033333
1.066667 1.100000 1.133333 1.166667 1.200000</float_array><technique_common><accessor source="#mixamorig12_Hips-Matrix-animation-input-array" count="37"><param name="TIME" type="float"/></accessor></technique_common></source><source id="mixamorig12_Hips-Matrix-animation-output-transform"><float_array id="mixamorig12_Hips-Matrix-animation-output-transform-array" count="592">

0.886926 0.042502 -0.459952 -0.064705 0.058357 0.977469 0.202853 89.083054 0.458210 -0.206757 0.864462 -0.321746 0.000000 0.000000 0.000000 1.000000
0.887093 0.042662 -0.459615 -0.070540 0.058089 0.977486 0.202849 89.085213 0.457921 -0.206644 0.864642 -0.316084 0.000000 0.000000 0.000000 1.000000
0.887319 0.042696 -0.459176 -0.076157 0.057963 0.977482 0.202900 89.086021 0.457499 -0.206652 0.864864 -0.314310 0.000000 0.000000 0.000000 1.000000
0.887510 0.042649 -0.458811 -0.079187 0.057914 0.977487 0.202890 89.086395 0.457135 -0.206638 0.865060 -0.318812 0.000000 0.000000 0.000000 1.000000
0.887583 0.042494 -0.458684 -0.078476 0.057884 0.977555 0.202574 89.089859 0.456997 -0.206351 0.865201 -0.331213 0.000000 0.000000 0.000000 1.000000
0.887508 0.041976 -0.458876 -0.076189 0.058166 0.977671 0.201931 89.101379 0.457106 -0.205906 0.865249 -0.347023 0.000000 0.000000 0.000000 1.000000
0.887262 0.040781 -0.459459 -0.075206 0.059507 0.977640 0.201689 89.123093 0.457411 -0.206292 0.864996 -0.351140 0.000000 0.000000 0.000000 1.000000
0.886573 0.039143 -0.460929 -0.074884 0.062538 0.977124 0.203268 89.145950 0.458341 -0.209037 0.863844 -0.316839 0.000000 0.000000 0.000000 1.000000
0.884797 0.038234 -0.464405 -0.073837 0.066796 0.975929 0.207609 89.149437 0.461164 -0.214712 0.860945 -0.210474 0.000000 0.000000 0.000000 1.000000
0.881615 0.039093 -0.470347 -0.077796 0.070926 0.974273 0.213919 89.117477 0.466609 -0.221954 0.856161 -0.005015 0.000000 0.000000 0.000000 1.000000
0.878060 0.040815 -0.476806 -0.098113 0.074443 0.972578 0.220342 89.050240 0.472724 -0.228968 0.850944 0.290195 0.000000 0.000000 0.000000 1.000000
0.875990 0.041337 -0.480554 -0.141054 0.078324 0.970906 0.226291 88.951538 0.475927 -0.235868 0.847266 0.600782 0.000000 0.000000 0.000000 1.000000
0.876130 0.040315 -0.480386 -0.196174 0.083176 0.968911 0.233010 88.813004 0.474845 -0.244104 0.845539 0.808921 0.000000 0.000000 0.000000 1.000000
0.877619 0.039282 -0.477746 -0.237089 0.088102 0.966441 0.241307 88.625984 0.471193 -0.253866 0.844707 0.827567 0.000000 0.000000 0.000000 1.000000
0.879490 0.038933 -0.474322 -0.243878 0.092021 0.963929 0.249746 88.411034 0.466936 -0.263296 0.844183 0.658059 0.000000 0.000000 0.000000 1.000000
0.881244 0.038570 -0.471085 -0.221138 0.094495 0.962168 0.255545 88.220665 0.463119 -0.269713 0.844260 0.376763 0.000000 0.000000 0.000000 1.000000
0.882406 0.038146 -0.468940 -0.184582 0.095098 0.961675 0.257173 88.103264 0.460778 -0.271527 0.844960 0.073330 0.000000 0.000000 0.000000 1.000000
0.882772 0.038582 -0.468214 -0.137974 0.093597 0.962200 0.255756 88.070053 0.460383 -0.269598 0.845792 -0.199069 0.000000 0.000000 0.000000 1.000000
0.882732 0.040168 -0.468157 -0.072367 0.090576 0.963107 0.253419 88.102570 0.461064 -0.266105 0.846527 -0.427251 0.000000 0.000000 0.000000 1.000000
0.882607 0.042249 -0.468209 0.017886 0.086805 0.964181 0.250637 88.178474 0.462028 -0.261857 0.847326 -0.610279 0.000000 0.000000 0.000000 1.000000
0.882111 0.044206 -0.468962 0.126701 0.082578 0.965656 0.246354 88.279411 0.463746 -0.256037 0.848165 -0.741912 0.000000 0.000000 0.000000 1.000000
0.880948 0.045841 -0.470987 0.243536 0.078100 0.967563 0.240254 88.386345 0.466723 -0.248436 0.848793 -0.817547 0.000000 0.000000 0.000000 1.000000
0.879489 0.047091 -0.473584 0.361349 0.073885 0.969518 0.233616 88.481995 0.470149 -0.240453 0.849201 -0.842867 0.000000 0.000000 0.000000 1.000000
0.878483 0.047824 -0.475374 0.474656 0.070549 0.971086 0.228066 88.556808 0.472536 -0.233889 0.849709 -0.831741 0.000000 0.000000 0.000000 1.000000
0.878333 0.047893 -0.475644 0.574121 0.068381 0.972150 0.224161 88.610672 0.473133 -0.229413 0.850597 -0.800740 0.000000 0.000000 0.000000 1.000000
0.878898 0.047351 -0.474653 0.646538 0.067067 0.972910 0.221242 88.652031 0.472271 -0.226282 0.851913 -0.762134 0.000000 0.000000 0.000000 1.000000
0.879848 0.046443 -0.472980 0.681666 0.066041 0.973610 0.218452 88.692719 0.470644 -0.223441 0.853562 -0.718801 0.000000 0.000000 0.000000 1.000000
0.880975 0.045482 -0.470972 0.679388 0.064970 0.974314 0.215620 88.739670 0.468681 -0.220555 0.855391 -0.669442 0.000000 0.000000 0.000000 1.000000
0.882175 0.044772 -0.468789 0.648077 0.063729 0.974963 0.213040 88.792732 0.466590 -0.217814 0.857234 -0.617028 0.000000 0.000000 0.000000 1.000000
0.883258 0.044459 -0.466775 0.594988 0.062293 0.975544 0.210791 88.849014 0.464731 -0.215260 0.858888 -0.567876 0.000000 0.000000 0.000000 1.000000
0.884002 0.044364 -0.465374 0.522924 0.060868 0.976090 0.208672 88.905067 0.463504 -0.212793 0.860164 -0.524458 0.000000 0.000000 0.000000 1.000000
0.884430 0.044125 -0.464582 0.436315 0.059845 0.976577 0.206680 88.956924 0.462820 -0.210597 0.861073 -0.483902 0.000000 0.000000 0.000000 1.000000
0.884802 0.043650 -0.463917 0.341353 0.059341 0.976941 0.205098 89.001114 0.462173 -0.209000 0.861809 -0.445136 0.000000 0.000000 0.000000 1.000000
0.885320 0.043187 -0.462973 0.240641 0.059061 0.977169 0.204091 89.035088 0.461216 -0.208030 0.862556 -0.412399 0.000000 0.000000 0.000000 1.000000
0.885961 0.042876 -0.461773 0.135685 0.058787 0.977302 0.203532 89.057945 0.460018 -0.207468 0.863331 -0.386312 0.000000 0.000000 0.000000 1.000000
0.886542 0.042673 -0.460676 0.031676 0.058521 0.977396 0.203158 89.072731 0.458932 -0.207068 0.864005 -0.358809 0.000000 0.000000 0.000000 1.000000
0.886926 0.042502 -0.459952 -0.064705 0.058357 0.977469 0.202853 89.083054 0.458210 -0.206757 0.864462 -0.321746 0.000000 0.000000 0.000000 1.000000</float_array><technique_common><accessor source="#mixamorig12_Hips-Matrix-animation-output-transform-array" count="37" stride="16"><param type="float4x4"/></accessor></technique_common></source><source id="mixamorig12_Hips-Interpolations"><Name_array id="mixamorig12_Hips-Interpolations-array" count="37">
 LINEAR LINEAR LINEAR LINEAR LINEAR LINEAR LINEAR LINEAR LINEAR LINEAR LINEAR
LINEAR LINEAR LINEAR LINEAR LINEAR LINEAR LINEAR LINEAR LINEAR LINEAR LINEAR LINEAR
LINEAR LINEAR LINEAR LINEAR LINEAR LINEAR LINEAR LINEAR LINEAR LINEAR LINEAR LINEAR
LINEAR LINEAR</Name_array><technique_common><accessor source="#mixamorig12_Hips-Interpolations-array" count="37"><param type="name"/></accessor></technique_common></source><sampler id="mixamorig12_Hips-Matrix-animation-transform"><input semantic="INPUT" source="#mixamorig12_Hips-Matrix-animation-input"/><input semantic="OUTPUT" source="#mixamorig12_Hips-Matrix-animation-output-transform"/><input semantic="INTERPOLATION" source="#mixamorig12_Hips-Interpolations"/></sampler><channel source="#mixamorig12_Hips-Matrix-animation-transform" target="mixamorig12_Hips/matrix"/></animation>
    <animation id="mixamorig12_Spine-anim" name="mixamorig12_Spine"><source id="mixamorig12_Spine-Matrix-animation-input"><float_array id="mixamorig12_Spine-Matrix-animation-input-array" count="37">

0.000000 0.033333 0.066667 0.100000 0.133333 0.166667 0.200000 0.233333 0.266667 0.300000 0.333333 0.366667 0.400000 0.433333 0.466667 0.500000
0.533333 0.566667 0.600000 0.633333 0.666667 0.700000 0.733333 0.766667 0.800000 0.833333 0.866667 0.900000 0.933333 0.966667 1.000000 1.033333
1.066667 1.100000 1.133333 1.166667 1.200000</float_array><technique_common><accessor source="#mixamorig12_Spine-Matrix-animation-input-array" count="37"><param name="TIME" type="float"/></accessor></technique_common></source><source id="mixamorig12_Spine-Matrix-animation-output-transform"><float_array id="mixamorig12_Spine-Matrix-animation-output-transform-array" count="592">

0.999161 0.021656 0.034757 0.000000 -0.019596 0.998092 -0.058556 10.052400 -0.035959 0.057826 0.997679 -1.105100 0.000000 0.000000 0.000000 1.000000
0.999160 0.021666 0.034771 -0.000000 -0.019607 0.998094 -0.058508 10.052400 -0.035972 0.057777 0.997681 -1.105100 0.000000 0.000000 0.000000 1.000000
0.999161 0.021668 0.034740 0.000000 -0.019612 0.998095 -0.058491 10.052400 -0.035942 0.057760 0.997683 -1.105100 0.000000 0.000000 0.000000 1.000000
0.999164 0.021685 0.034664 0.000000 -0.019633 0.998095 -0.058493 10.052400 -0.035867 0.057763 0.997686 -1.105100 0.000000 0.000000 0.000000 1.000000
0.999165 0.021704 0.034629 0.000000 -0.019654 0.998096 -0.058467 10.052400 -0.035832 0.057738 0.997689 -1.105100 0.000000 0.000000 0.000000 1.000000
0.999159 0.021691 0.034789 0.000000 -0.019636 0.998102 -0.058370 10.052400 -0.035989 0.057638 0.997689 -1.105100 0.000000 0.000000 0.000000 1.000000
0.999148 0.021667 0.035130 0.000000 -0.019597 0.998111 -0.058225 10.052400 -0.036325 0.057487 0.997685 -1.105100 0.000000 0.000000 0.000000 1.000000
0.999142 0.021740 0.035258 0.000000 -0.019669 0.998119 -0.058057 10.052400 -0.036454 0.057314 0.997690 -1.105100 0.000000 0.000000 0.000000 1.000000
0.999156 0.021926 0.034749 0.000000 -0.019900 0.998141 -0.057615 10.052400 -0.035948 0.056875 0.997734 -1.105100 0.000000 0.000000 0.000000 1.000000
0.999193 0.021817 0.033713 0.000000 -0.019898 0.998219 -0.056248 10.052400 -0.034880 0.055532 0.997847 -1.105100 0.000000 0.000000 0.000000 1.000000
0.999257 0.020731 0.032490 0.000000 -0.018973 0.998386 -0.053524 10.052400 -0.033547 0.052868 0.998038 -1.105100 0.000000 0.000000 0.000000 1.000000
0.999347 0.018546 0.030996 -0.000000 -0.016977 0.998599 -0.050123 10.052400 -0.031882 0.049564 0.998262 -1.105100 0.000000 0.000000 0.000000 1.000000
0.999446 0.016144 0.029119 -0.000000 -0.014747 0.998759 -0.047577 10.052400 -0.029851 0.047121 0.998443 -1.105100 0.000000 0.000000 0.000000 1.000000
0.999518 0.014652 0.027373 0.000000 -0.013356 0.998809 -0.046934 10.052400 -0.028028 0.046546 0.998523 -1.105100 0.000000 0.000000 0.000000 1.000000
0.999546 0.014466 0.026445 0.000000 -0.013185 0.998760 -0.048007 10.052400 -0.027107 0.047636 0.998497 -1.105100 0.000000 0.000000 0.000000 1.000000
0.999536 0.015222 0.026394 -0.000000 -0.013893 0.998662 -0.049804 10.052400 -0.027117 0.049414 0.998410 -1.105100 0.000000 0.000000 0.000000 1.000000
0.999507 0.016390 0.026768 0.000000 -0.014997 0.998564 -0.051421 10.052400 -0.027572 0.050994 0.998318 -1.105100 0.000000 0.000000 0.000000 1.000000
0.999473 0.017692 0.027222 0.000000 -0.016241 0.998482 -0.052622 10.052400 -0.028112 0.052152 0.998243 -1.105100 0.000000 0.000000 0.000000 1.000000
0.999435 0.019056 0.027670 0.000000 -0.017550 0.998403 -0.053691 10.052400 -0.028649 0.053175 0.998174 -1.105100 0.000000 0.000000 0.000000 1.000000
0.999398 0.020346 0.028095 -0.000000 -0.018784 0.998322 -0.054783 10.052400 -0.029163 0.054223 0.998103 -1.105100 0.000000 0.000000 0.000000 1.000000
0.999366 0.021317 0.028524 0.000000 -0.019704 0.998254 -0.055690 10.052400 -0.029661 0.055093 0.998041 -1.105100 0.000000 0.000000 0.000000 1.000000
0.999339 0.021824 0.029061 0.000000 -0.020165 0.998214 -0.056225 10.052400 -0.030236 0.055602 0.997995 -1.105100 0.000000 0.000000 0.000000 1.000000
0.999316 0.021924 0.029793 -0.000000 -0.020215 0.998198 -0.056506 10.052400 -0.030978 0.055865 0.997958 -1.105100 0.000000 0.000000 0.000000 1.000000
0.999292 0.021790 0.030680 -0.000000 -0.020022 0.998186 -0.056781 10.052400 -0.031862 0.056126 0.997915 -1.105100 0.000000 0.000000 0.000000 1.000000
0.999268 0.021581 0.031588 0.000000 -0.019751 0.998170 -0.057150 10.052400 -0.032764 0.056484 0.997866 -1.105100 0.000000 0.000000 0.000000 1.000000
0.999247 0.021371 0.032377 0.000000 -0.019484 0.998154 -0.057524 10.052400 -0.033546 0.056850 0.997819 -1.105100 0.000000 0.000000 0.000000 1.000000
0.999232 0.021200 0.032955 0.000000 -0.019271 0.998142 -0.057798 10.052400 -0.034120 0.057118 0.997784 -1.105100 0.000000 0.000000 0.000000 1.000000
0.999222 0.021126 0.033308 -0.000000 -0.019171 0.998134 -0.057981 10.052400 -0.034470 0.057297 0.997762 -1.105100 0.000000 0.000000 0.000000 1.000000
0.999215 0.021159 0.033488 0.000000 -0.019187 0.998124 -0.058144 10.052400 -0.034656 0.057456 0.997746 -1.105100 0.000000 0.000000 0.000000 1.000000
0.999209 0.021222 0.033628 0.000000 -0.019237 0.998114 -0.058287 10.052400 -0.034801 0.057594 0.997733 -1.105100 0.000000 0.000000 0.000000 1.000000
0.999201 0.021254 0.033859 0.000000 -0.019254 0.998111 -0.058343 10.052400 -0.035035 0.057644 0.997722 -1.105100 0.000000 0.000000 0.000000 1.000000
0.999189 0.021281 0.034182 -0.000000 -0.019263 0.998113 -0.058306 10.052400 -0.035359 0.057601 0.997713 -1.105100 0.000000 0.000000 0.000000 1.000000
0.999177 0.021342 0.034480 -0.000000 -0.019308 0.998114 -0.058272 10.052400 -0.035659 0.057558 0.997705 -1.105100 0.000000 0.000000 0.000000 1.000000
0.999170 0.021431 0.034649 0.000000 -0.019386 0.998109 -0.058324 10.052400 -0.035834 0.057604 0.997696 -1.105100 0.000000 0.000000 0.000000 1.000000
0.999166 0.021534 0.034692 -0.000000 -0.019482 0.998100 -0.058446 10.052400 -0.035885 0.057722 0.997688 -1.105100 0.000000 0.000000 0.000000 1.000000
0.999164 0.021619 0.034700 0.000000 -0.019562 0.998093 -0.058544 10.052400 -0.035899 0.057816 0.997682 -1.105100 0.000000 0.000000 0.000000 1.000000
0.999161 0.021656 0.034757 0.000000 -0.019596 0.998092 -0.058556 10.052400 -0.035959 0.057826 0.997679 -1.105100 0.000000 0.000000 0.000000 1.000000</float_array><technique_common><accessor source="#mixamorig12_Spine-Matrix-animation-output-transform-array" count="37" stride="16"><param type="float4x4"/></accessor></technique_common></source><source id="mixamorig12_Spine-Interpolations"><Name_array id="mixamorig12_Spine-Interpolations-array" count="37">
 LINEAR LINEAR LINEAR LINEAR LINEAR LINEAR LINEAR LINEAR LINEAR LINEAR LINEAR
LINEAR LINEAR LINEAR LINEAR LINEAR LINEAR LINEAR LINEAR LINEAR LINEAR LINEAR LINEAR
LINEAR LINEAR LINEAR LINEAR LINEAR LINEAR LINEAR LINEAR LINEAR LINEAR LINEAR LINEAR
LINEAR LINEAR</Name_array><technique_common><accessor source="#mixamorig12_Spine-Interpolations-array" count="37"><param type="name"/></accessor></technique_common></source><sampler id="mixamorig12_Spine-Matrix-animation-transform"><input semantic="INPUT" source="#mixamorig12_Spine-Matrix-animation-input"/><input semantic="OUTPUT" source="#mixamorig12_Spine-Matrix-animation-output-transform"/><input semantic="INTERPOLATION" source="#mixamorig12_Spine-Interpolations"/></sampler><channel source="#mixamorig12_Spine-Matrix-animation-transform" target="mixamorig12_Spine/matrix"/></animation>
    <animation id="mixamorig12_Spine1-anim" name="mixamorig12_Spine1"><source id="mixamorig12_Spine1-Matrix-animation-input"><float_array id="mixamorig12_Spine1-Matrix-animation-input-array" count="37">

0.000000 0.033333 0.066667 0.100000 0.133333 0.166667 0.200000 0.233333 0.266667 0.300000 0.333333 0.366667 0.400000 0.433333 0.466667 0.500000
0.533333 0.566667 0.600000 0.633333 0.666667 0.700000 0.733333 0.766667 0.800000 0.833333 0.866667 0.900000 0.933333 0.966667 1.000000 1.033333
1.066667 1.100000 1.133333 1.166667 1.200000</float_array><technique_common><accessor source="#mixamorig12_Spine1-Matrix-animation-input-array" count="37"><param name="TIME" type="float"/></accessor></technique_common></source><source id="mixamorig12_Spine1-Matrix-animation-output-transform"><float_array id="mixamorig12_Spine1-Matrix-animation-output-transform-array" count="592">

0.996838 0.044701 0.065697 -0.000000 -0.020575 0.943771 -0.329958 11.798400 -0.076752 0.327563 0.941707 -0.000000 0.000000 0.000000 0.000000 1.000000
0.996834 0.044741 0.065725 -0.000000 -0.020612 0.943802 -0.329868 11.798400 -0.076790 0.327469 0.941736 -0.000000 0.000000 0.000000 0.000000 1.000000
0.996838 0.044752 0.065667 0.000000 -0.020643 0.943812 -0.329837 11.798400 -0.076738 0.327438 0.941751 0.000000 0.000000 0.000000 0.000000 1.000000
0.996846 0.044779 0.065514 0.000000 -0.020718 0.943809 -0.329842 11.798400 -0.076603 0.327445 0.941760 0.000000 0.000000 0.000000 0.000000 1.000000
0.996849 0.044816 0.065443 0.000000 -0.020781 0.943824 -0.329795 11.798400 -0.076547 0.327396 0.941782 0.000000 0.000000 0.000000 0.000000 1.000000
0.996829 0.044810 0.065764 0.000000 -0.020684 0.943891 -0.329609 11.798400 -0.076844 0.327203 0.941824 -0.000000 0.000000 0.000000 0.000000 1.000000
0.996787 0.044747 0.066439 0.000000 -0.020427 0.943995 -0.329328 11.798400 -0.077455 0.326912 0.941875 0.000000 0.000000 0.000000 0.000000 1.000000
0.996773 0.044728 0.066660 0.000000 -0.020363 0.944109 -0.329003 11.798400 -0.077650 0.326584 0.941973 -0.000000 0.000000 0.000000 0.000000 1.000000
0.996846 0.044705 0.065578 0.000000 -0.020764 0.944393 -0.328163 11.798400 -0.076602 0.325766 0.942342 0.000000 0.000000 0.000000 0.000000 1.000000
0.997015 0.043929 0.063496 0.000000 -0.020916 0.945288 -0.325567 11.798400 -0.074324 0.323267 0.943384 0.000000 0.000000 0.000000 0.000000 1.000000
0.997276 0.041134 0.061220 0.000000 -0.019398 0.947094 -0.320370 11.798400 -0.071159 0.318310 0.945312 0.000000 0.000000 0.000000 0.000000 1.000000
0.997631 0.036073 0.058580 0.000000 -0.015898 0.949340 -0.313848 11.798400 -0.066934 0.312174 0.947664 0.000000 0.000000 0.000000 0.000000 1.000000
0.998011 0.030511 0.055172 0.000000 -0.011995 0.951005 -0.308943 11.798400 -0.061895 0.307667 0.949479 -0.000000 0.000000 0.000000 0.000000 1.000000
0.998295 0.026836 0.051832 -0.000000 -0.009601 0.951440 -0.307686 11.798400 -0.057572 0.306664 0.950075 -0.000000 0.000000 0.000000 0.000000 1.000000
0.998416 0.025996 0.049900 -0.000000 -0.009276 0.950782 -0.309722 11.798400 -0.055496 0.308768 0.949517 0.000000 0.000000 0.000000 0.000000 1.000000
0.998396 0.027299 0.049592 0.000000 -0.010411 0.949646 -0.313151 11.798400 -0.055644 0.312133 0.948408 -0.000000 0.000000 0.000000 0.000000 1.000000
0.998303 0.029650 0.050118 0.000000 -0.012297 0.948598 -0.316245 11.798400 -0.056919 0.315092 0.947353 -0.000000 0.000000 0.000000 0.000000 1.000000
0.998180 0.032448 0.050831 0.000000 -0.014588 0.947792 -0.318556 11.798400 -0.058513 0.317234 0.946540 0.000000 0.000000 0.000000 0.000000 1.000000
0.998040 0.035497 0.051540 -0.000000 -0.017126 0.947053 -0.320621 11.798400 -0.060192 0.319110 0.945804 0.000000 0.000000 0.000000 0.000000 1.000000
0.997894 0.038468 0.052224 0.000000 -0.019589 0.946287 -0.322733 11.798400 -0.061834 0.321030 0.945048 0.000000 0.000000 0.000000 0.000000 1.000000
0.997760 0.040840 0.052976 0.000000 -0.021478 0.945647 -0.324486 11.798400 -0.063349 0.322621 0.944406 0.000000 0.000000 0.000000 0.000000 1.000000
0.997643 0.042306 0.054029 0.000000 -0.022456 0.945267 -0.325523 11.798400 -0.064843 0.323542 0.943989 0.000000 0.000000 0.000000 0.000000 1.000000
0.997532 0.042960 0.055531 0.000000 -0.022550 0.945078 -0.326065 11.798400 -0.066489 0.324008 0.943715 -0.000000 0.000000 0.000000 0.000000 1.000000
0.997422 0.043111 0.057365 -0.000000 -0.022058 0.944910 -0.326586 11.798400 -0.068284 0.324479 0.943425 0.000000 0.000000 0.000000 0.000000 1.000000
0.997316 0.043041 0.059238 -0.000000 -0.021330 0.944687 -0.327280 11.798400 -0.070048 0.325138 0.943069 -0.000000 0.000000 0.000000 0.000000 1.000000
0.997224 0.042888 0.060864 -0.000000 -0.020601 0.944460 -0.327981 11.798400 -0.071550 0.325817 0.942722 -0.000000 0.000000 0.000000 0.000000 1.000000
0.997156 0.042753 0.062067 -0.000000 -0.020040 0.944294 -0.328493 11.798400 -0.072653 0.326315 0.942465 0.000000 0.000000 0.000000 0.000000 1.000000
0.997109 0.042772 0.062804 0.000000 -0.019790 0.944179 -0.328838 11.798400 -0.073363 0.326644 0.942296 0.000000 0.000000 0.000000 0.000000 1.000000
0.997076 0.042989 0.063182 0.000000 -0.019846 0.944069 -0.329151 11.798400 -0.073797 0.326935 0.942161 -0.000000 0.000000 0.000000 0.000000 1.000000
0.997045 0.043272 0.063471 0.000000 -0.019998 0.943969 -0.329428 11.798400 -0.074169 0.327186 0.942045 0.000000 0.000000 0.000000 0.000000 1.000000
0.997005 0.043502 0.063943 -0.000000 -0.020051 0.943929 -0.329539 11.798400 -0.074693 0.327270 0.941974 -0.000000 0.000000 0.000000 0.000000 1.000000
0.996954 0.043702 0.064597 0.000000 -0.020031 0.943953 -0.329472 11.798400 -0.075375 0.327175 0.941953 -0.000000 0.000000 0.000000 0.000000 1.000000
0.996906 0.043928 0.065188 0.000000 -0.020056 0.943974 -0.329410 11.798400 -0.076007 0.327083 0.941934 0.000000 0.000000 0.000000 0.000000 1.000000
0.996873 0.044173 0.065515 0.000000 -0.020172 0.943936 -0.329511 11.798400 -0.076398 0.327159 0.941876 0.000000 0.000000 0.000000 0.000000 1.000000
0.996858 0.044417 0.065585 0.000000 -0.020361 0.943850 -0.329746 11.798400 -0.076549 0.327374 0.941789 0.000000 0.000000 0.000000 0.000000 1.000000
0.996849 0.044609 0.065589 0.000000 -0.020526 0.943781 -0.329934 11.798400 -0.076619 0.327548 0.941723 0.000000 0.000000 0.000000 0.000000 1.000000
0.996838 0.044701 0.065697 -0.000000 -0.020575 0.943771 -0.329958 11.798400 -0.076752 0.327563 0.941707 -0.000000 0.000000 0.000000 0.000000 1.000000</float_array><technique_common><accessor source="#mixamorig12_Spine1-Matrix-animation-output-transform-array" count="37" stride="16"><param type="float4x4"/></accessor></technique_common></source><source id="mixamorig12_Spine1-Interpolations"><Name_array id="mixamorig12_Spine1-Interpolations-array" count="37">
 LINEAR LINEAR LINEAR LINEAR LINEAR LINEAR LINEAR LINEAR LINEAR LINEAR LINEAR
LINEAR LINEAR LINEAR LINEAR LINEAR LINEAR LINEAR LINEAR LINEAR LINEAR LINEAR LINEAR
LINEAR LINEAR LINEAR LINEAR LINEAR LINEAR LINEAR LINEAR LINEAR LINEAR LINEAR LINEAR
LINEAR LINEAR</Name_array><technique_common><accessor source="#mixamorig12_Spine1-Interpolations-array" count="37"><param type="name"/></accessor></technique_common></source><sampler id="mixamorig12_Spine1-Matrix-animation-transform"><input semantic="INPUT" source="#mixamorig12_Spine1-Matrix-animation-input"/><input semantic="OUTPUT" source="#mixamorig12_Spine1-Matrix-animation-output-transform"/><input semantic="INTERPOLATION" source="#mixamorig12_Spine1-Interpolations"/></sampler><channel source="#mixamorig12_Spine1-Matrix-animation-transform" target="mixamorig12_Spine1/matrix"/></animation>
    <animation id="mixamorig12_Spine2-anim" name="mixamorig12_Spine2"><source id="mixamorig12_Spine2-Matrix-animation-input"><float_array id="mixamorig12_Spine2-Matrix-animation-input-array" count="37">

0.000000 0.033333 0.066667 0.100000 0.133333 0.166667 0.200000 0.233333 0.266667 0.300000 0.333333 0.366667 0.400000 0.433333 0.466667 0.500000
0.533333 0.566667 0.600000 0.633333 0.666667 0.700000 0.733333 0.766667 0.800000 0.833333 0.866667 0.900000 0.933333 0.966667 1.000000 1.033333
1.066667 1.100000 1.133333 1.166667 1.200000</float_array><technique_common><accessor source="#mixamorig12_Spine2-Matrix-animation-input-array" count="37"><param name="TIME" type="float"/></accessor></technique_common></source><source id="mixamorig12_Spine2-Matrix-animation-output-transform"><float_array id="mixamorig12_Spine2-Matrix-animation-output-transform-array" count="592">

0.996838 0.044701 0.065697 0.000000 -0.020575 0.943771 -0.329958 13.483900 -0.076752 0.327563 0.941707 0.000000 0.000000 0.000000 0.000000 1.000000
0.996834 0.044741 0.065725 0.000000 -0.020612 0.943802 -0.329868 13.483900 -0.076790 0.327469 0.941736 -0.000000 0.000000 0.000000 0.000000 1.000000
0.996838 0.044752 0.065667 0.000000 -0.020643 0.943812 -0.329837 13.483900 -0.076738 0.327438 0.941751 0.000000 0.000000 0.000000 0.000000 1.000000
0.996846 0.044779 0.065514 -0.000000 -0.020718 0.943809 -0.329842 13.483900 -0.076603 0.327445 0.941760 -0.000000 0.000000 0.000000 0.000000 1.000000
0.996849 0.044816 0.065443 0.000000 -0.020781 0.943824 -0.329795 13.483900 -0.076547 0.327396 0.941782 0.000000 0.000000 0.000000 0.000000 1.000000
0.996829 0.044810 0.065764 0.000000 -0.020684 0.943891 -0.329609 13.483900 -0.076844 0.327203 0.941824 0.000000 0.000000 0.000000 0.000000 1.000000
0.996787 0.044747 0.066439 0.000000 -0.020427 0.943995 -0.329328 13.483900 -0.077455 0.326912 0.941875 0.000000 0.000000 0.000000 0.000000 1.000000
0.996773 0.044728 0.066660 0.000000 -0.020363 0.944109 -0.329003 13.483900 -0.077650 0.326584 0.941973 -0.000000 0.000000 0.000000 0.000000 1.000000
0.996846 0.044705 0.065578 0.000000 -0.020764 0.944393 -0.328163 13.483900 -0.076601 0.325766 0.942342 -0.000000 0.000000 0.000000 0.000000 1.000000
0.997015 0.043929 0.063496 0.000000 -0.020916 0.945287 -0.325567 13.483900 -0.074324 0.323267 0.943384 0.000000 0.000000 0.000000 0.000000 1.000000
0.997276 0.041134 0.061220 0.000000 -0.019398 0.947094 -0.320370 13.483900 -0.071159 0.318310 0.945312 0.000000 0.000000 0.000000 0.000000 1.000000
0.997631 0.036073 0.058580 0.000000 -0.015898 0.949340 -0.313848 13.483900 -0.066934 0.312174 0.947664 0.000000 0.000000 0.000000 0.000000 1.000000
0.998011 0.030511 0.055172 0.000000 -0.011995 0.951005 -0.308943 13.483900 -0.061895 0.307667 0.949479 0.000000 0.000000 0.000000 0.000000 1.000000
0.998295 0.026836 0.051832 0.000000 -0.009601 0.951440 -0.307686 13.483900 -0.057572 0.306664 0.950075 0.000000 0.000000 0.000000 0.000000 1.000000
0.998416 0.025996 0.049900 -0.000000 -0.009276 0.950782 -0.309722 13.483900 -0.055496 0.308768 0.949517 0.000000 0.000000 0.000000 0.000000 1.000000
0.998396 0.027299 0.049592 0.000000 -0.010411 0.949646 -0.313151 13.483900 -0.055644 0.312133 0.948408 0.000000 0.000000 0.000000 0.000000 1.000000
0.998303 0.029650 0.050119 0.000000 -0.012297 0.948598 -0.316244 13.483900 -0.056919 0.315091 0.947353 0.000000 0.000000 0.000000 0.000000 1.000000
0.998180 0.032448 0.050830 0.000000 -0.014588 0.947792 -0.318556 13.483900 -0.058513 0.317234 0.946540 0.000000 0.000000 0.000000 0.000000 1.000000
0.998040 0.035497 0.051540 -0.000000 -0.017126 0.947053 -0.320621 13.483900 -0.060193 0.319110 0.945804 0.000000 0.000000 0.000000 0.000000 1.000000
0.997894 0.038468 0.052224 0.000000 -0.019589 0.946287 -0.322733 13.483900 -0.061834 0.321031 0.945048 0.000000 0.000000 0.000000 0.000000 1.000000
0.997760 0.040840 0.052976 -0.000000 -0.021478 0.945647 -0.324486 13.483900 -0.063349 0.322621 0.944406 0.000000 0.000000 0.000000 0.000000 1.000000
0.997643 0.042306 0.054029 -0.000000 -0.022456 0.945267 -0.325523 13.483900 -0.064843 0.323542 0.943989 0.000000 0.000000 0.000000 0.000000 1.000000
0.997532 0.042960 0.055531 0.000000 -0.022550 0.945078 -0.326065 13.483900 -0.066489 0.324009 0.943715 0.000000 0.000000 0.000000 0.000000 1.000000
0.997422 0.043111 0.057365 0.000000 -0.022058 0.944910 -0.326586 13.483900 -0.068284 0.324479 0.943425 -0.000000 0.000000 0.000000 0.000000 1.000000
0.997316 0.043041 0.059238 -0.000000 -0.021330 0.944687 -0.327280 13.483900 -0.070048 0.325138 0.943069 0.000000 0.000000 0.000000 0.000000 1.000000
0.997224 0.042888 0.060864 0.000000 -0.020601 0.944460 -0.327981 13.483900 -0.071550 0.325817 0.942722 0.000000 0.000000 0.000000 0.000000 1.000000
0.997156 0.042753 0.062067 -0.000000 -0.020040 0.944294 -0.328493 13.483900 -0.072653 0.326315 0.942465 0.000000 0.000000 0.000000 0.000000 1.000000
0.997109 0.042772 0.062804 0.000000 -0.019790 0.944179 -0.328838 13.483900 -0.073363 0.326644 0.942296 -0.000000 0.000000 0.000000 0.000000 1.000000
0.997076 0.042989 0.063182 0.000000 -0.019846 0.944069 -0.329151 13.483900 -0.073797 0.326935 0.942161 0.000000 0.000000 0.000000 0.000000 1.000000
0.997045 0.043272 0.063471 -0.000000 -0.019998 0.943969 -0.329428 13.483900 -0.074169 0.327186 0.942045 0.000000 0.000000 0.000000 0.000000 1.000000
0.997005 0.043502 0.063943 0.000000 -0.020051 0.943929 -0.329539 13.483900 -0.074693 0.327270 0.941974 0.000000 0.000000 0.000000 0.000000 1.000000
0.996954 0.043702 0.064596 0.000000 -0.020031 0.943953 -0.329472 13.483900 -0.075374 0.327175 0.941953 0.000000 0.000000 0.000000 0.000000 1.000000
0.996906 0.043928 0.065188 0.000000 -0.020056 0.943974 -0.329409 13.483900 -0.076007 0.327083 0.941934 0.000000 0.000000 0.000000 0.000000 1.000000
0.996873 0.044173 0.065515 0.000000 -0.020172 0.943936 -0.329511 13.483900 -0.076398 0.327159 0.941876 0.000000 0.000000 0.000000 0.000000 1.000000
0.996858 0.044417 0.065585 0.000000 -0.020361 0.943850 -0.329746 13.483900 -0.076549 0.327374 0.941789 0.000000 0.000000 0.000000 0.000000 1.000000
0.996849 0.044609 0.065588 0.000000 -0.020526 0.943781 -0.329934 13.483900 -0.076619 0.327548 0.941723 0.000000 0.000000 0.000000 0.000000 1.000000
0.996838 0.044701 0.065697 0.000000 -0.020575 0.943771 -0.329958 13.483900 -0.076752 0.327563 0.941707 0.000000 0.000000 0.000000 0.000000 1.000000</float_array><technique_common><accessor source="#mixamorig12_Spine2-Matrix-animation-output-transform-array" count="37" stride="16"><param type="float4x4"/></accessor></technique_common></source><source id="mixamorig12_Spine2-Interpolations"><Name_array id="mixamorig12_Spine2-Interpolations-array" count="37">
 LINEAR LINEAR LINEAR LINEAR LINEAR LINEAR LINEAR LINEAR LINEAR LINEAR LINEAR
LINEAR LINEAR LINEAR LINEAR LINEAR LINEAR LINEAR LINEAR LINEAR LINEAR LINEAR LINEAR
LINEAR LINEAR LINEAR LINEAR LINEAR LINEAR LINEAR LINEAR LINEAR LINEAR LINEAR LINEAR
LINEAR LINEAR</Name_array><technique_common><accessor source="#mixamorig12_Spine2-Interpolations-array" count="37"><param type="name"/></accessor></technique_common></source><sampler id="mixamorig12_Spine2-Matrix-animation-transform"><input semantic="INPUT" source="#mixamorig12_Spine2-Matrix-animation-input"/><input semantic="OUTPUT" source="#mixamorig12_Spine2-Matrix-animation-output-transform"/><input semantic="INTERPOLATION" source="#mixamorig12_Spine2-Interpolations"/></sampler><channel source="#mixamorig12_Spine2-Matrix-animation-transform" target="mixamorig12_Spine2/matrix"/></animation>
    <animation id="mixamorig12_Neck-anim" name="mixamorig12_Neck"><source id="mixamorig12_Neck-Matrix-animation-input"><float_array id="mixamorig12_Neck-Matrix-animation-input-array" count="37">

0.000000 0.033333 0.066667 0.100000 0.133333 0.166667 0.200000 0.233333 0.266667 0.300000 0.333333 0.366667 0.400000 0.433333 0.466667 0.500000
0.533333 0.566667 0.600000 0.633333 0.666667 0.700000 0.733333 0.766667 0.800000 0.833333 0.866667 0.900000 0.933333 0.966667 1.000000 1.033333
1.066667 1.100000 1.133333 1.166667 1.200000</float_array><technique_common><accessor source="#mixamorig12_Neck-Matrix-animation-input-array" count="37"><param name="TIME" type="float"/></accessor></technique_common></source><source id="mixamorig12_Neck-Matrix-animation-output-transform"><float_array id="mixamorig12_Neck-Matrix-animation-output-transform-array" count="592">

0.999498 0.003586 0.031493 0.000000 -0.003929 0.999933 0.010866 15.169400 -0.031452 -0.010984 0.999445 -0.000000 0.000000 0.000000 0.000000 1.000000
0.999497 0.003783 0.031500 0.000000 -0.004125 0.999933 0.010784 15.169400 -0.031457 -0.010909 0.999446 -0.000000 0.000000 0.000000 0.000000 1.000000
0.999491 0.004187 0.031616 -0.000000 -0.004526 0.999933 0.010654 15.169400 -0.031570 -0.010792 0.999443 -0.000000 0.000000 0.000000 0.000000 1.000000
0.999484 0.004633 0.031787 0.000000 -0.004974 0.999931 0.010663 15.169400 -0.031736 -0.010816 0.999438 0.000000 0.000000 0.000000 0.000000 1.000000
0.999480 0.004909 0.031878 0.000000 -0.005258 0.999927 0.010880 15.169400 -0.031822 -0.011042 0.999433 0.000000 0.000000 0.000000 0.000000 1.000000
0.999479 0.005011 0.031871 0.000000 -0.005362 0.999926 0.010946 15.169400 -0.031814 -0.011112 0.999432 0.000000 0.000000 0.000000 0.000000 1.000000
0.999475 0.005337 0.031950 0.000000 -0.005668 0.999931 0.010262 15.169400 -0.031893 -0.010438 0.999437 0.000000 0.000000 0.000000 0.000000 1.000000
0.999461 0.006139 0.032251 -0.000000 -0.006430 0.999939 0.008938 15.169400 -0.032194 -0.009141 0.999440 0.000000 0.000000 0.000000 0.000000 1.000000
0.999450 0.006159 0.032588 -0.000000 -0.006432 0.999945 0.008275 15.169400 -0.032535 -0.008480 0.999435 0.000000 0.000000 0.000000 0.000000 1.000000
0.999464 0.002917 0.032596 0.000000 -0.003226 0.999950 0.009453 15.169400 -0.032566 -0.009553 0.999424 0.000000 0.000000 0.000000 0.000000 1.000000
0.999466 -0.004387 0.032367 0.000000 0.004004 0.999921 0.011878 15.169400 -0.032417 -0.011742 0.999405 0.000000 0.000000 0.000000 0.000000 1.000000
0.999365 -0.013877 0.032833 -0.000000 0.013413 0.999808 0.014285 15.169400 -0.033025 -0.013836 0.999359 -0.000000 0.000000 0.000000 0.000000 1.000000
0.999123 -0.023401 0.034732 -0.000000 0.022824 0.999596 0.016911 15.169400 -0.035114 -0.016103 0.999254 0.000000 0.000000 0.000000 0.000000 1.000000
0.998803 -0.031723 0.037241 -0.000000 0.030972 0.999308 0.020581 15.169400 -0.037868 -0.019403 0.999094 0.000000 0.000000 0.000000 0.000000 1.000000
0.998558 -0.037338 0.038565 0.000000 0.036410 0.999037 0.024496 15.169400 -0.039442 -0.023057 0.998956 -0.000000 0.000000 0.000000 0.000000 1.000000
0.998540 -0.038404 0.037983 -0.000000 0.037412 0.998949 0.026479 15.169400 -0.038960 -0.025019 0.998928 0.000000 0.000000 0.000000 0.000000 1.000000
0.998723 -0.034817 0.036610 0.000000 0.033911 0.999110 0.025081 15.169400 -0.037450 -0.023807 0.999015 0.000000 0.000000 0.000000 0.000000 1.000000
0.998931 -0.029069 0.035956 -0.000000 0.028332 0.999381 0.020842 15.169400 -0.036540 -0.019801 0.999136 0.000000 0.000000 0.000000 0.000000 1.000000
0.999053 -0.024024 0.036285 0.000000 0.023468 0.999602 0.015673 15.169400 -0.036647 -0.014806 0.999219 -0.000000 0.000000 0.000000 0.000000 1.000000
0.999115 -0.020545 0.036708 0.000000 0.020140 0.999732 0.011381 15.169400 -0.036932 -0.010632 0.999261 0.000000 0.000000 0.000000 0.000000 1.000000
0.999176 -0.017787 0.036479 -0.000000 0.017483 0.999810 0.008647 15.169400 -0.036626 -0.008002 0.999297 0.000000 0.000000 0.000000 0.000000 1.000000
0.999249 -0.015125 0.035673 0.000000 0.014877 0.999863 0.007230 15.169400 -0.035778 -0.006694 0.999337 -0.000000 0.000000 0.000000 0.000000 1.000000
0.999313 -0.012767 0.034803 0.000000 0.012546 0.999900 0.006558 15.169400 -0.034883 -0.006116 0.999373 0.000000 0.000000 0.000000 0.000000 1.000000
0.999353 -0.011037 0.034245 0.000000 0.010835 0.999923 0.006101 15.169400 -0.034309 -0.005726 0.999395 0.000000 0.000000 0.000000 0.000000 1.000000
0.999375 -0.009783 0.033983 -0.000000 0.009599 0.999938 0.005569 15.169400 -0.034035 -0.005240 0.999407 0.000000 0.000000 0.000000 0.000000 1.000000
0.999394 -0.008515 0.033751 0.000000 0.008353 0.999953 0.004948 15.169400 -0.033791 -0.004663 0.999418 0.000000 0.000000 0.000000 0.000000 1.000000
0.999418 -0.006921 0.033409 -0.000000 0.006777 0.999967 0.004440 15.169400 -0.033438 -0.004211 0.999432 0.000000 0.000000 0.000000 0.000000 1.000000
0.999439 -0.005132 0.033096 0.000000 0.004990 0.999978 0.004374 15.169400 -0.033118 -0.004207 0.999443 0.000000 0.000000 0.000000 0.000000 1.000000
0.999451 -0.003505 0.032941 -0.000000 0.003344 0.999982 0.004964 15.169400 -0.032957 -0.004851 0.999445 0.000000 0.000000 0.000000 0.000000 1.000000
0.999458 -0.002256 0.032830 -0.000000 0.002058 0.999980 0.006056 15.169400 -0.032843 -0.005985 0.999443 0.000000 0.000000 0.000000 0.000000 1.000000
0.999467 -0.001327 0.032611 -0.000000 0.001090 0.999973 0.007281 15.169400 -0.032620 -0.007242 0.999442 0.000000 0.000000 0.000000 0.000000 1.000000
0.999478 -0.000477 0.032290 0.000000 0.000206 0.999965 0.008407 15.169400 -0.032293 -0.008396 0.999443 -0.000000 0.000000 0.000000 0.000000 1.000000
0.999489 0.000482 0.031975 0.000000 -0.000783 0.999956 0.009398 15.169400 -0.031969 -0.009419 0.999444 0.000000 0.000000 0.000000 0.000000 1.000000
0.999494 0.001451 0.031768 -0.000000 -0.001777 0.999946 0.010222 15.169400 -0.031751 -0.010273 0.999443 -0.000000 0.000000 0.000000 0.000000 1.000000
0.999495 0.002221 0.031688 0.000000 -0.002564 0.999939 0.010780 15.169400 -0.031662 -0.010856 0.999440 0.000000 0.000000 0.000000 0.000000 1.000000
0.999495 0.002849 0.031640 0.000000 -0.003198 0.999935 0.010978 15.169400 -0.031607 -0.011073 0.999439 0.000000 0.000000 0.000000 0.000000 1.000000
0.999498 0.003586 0.031493 0.000000 -0.003929 0.999933 0.010866 15.169400 -0.031452 -0.010984 0.999445 -0.000000 0.000000 0.000000 0.000000 1.000000</float_array><technique_common><accessor source="#mixamorig12_Neck-Matrix-animation-output-transform-array" count="37" stride="16"><param type="float4x4"/></accessor></technique_common></source><source id="mixamorig12_Neck-Interpolations"><Name_array id="mixamorig12_Neck-Interpolations-array" count="37">
 LINEAR LINEAR LINEAR LINEAR LINEAR LINEAR LINEAR LINEAR LINEAR LINEAR LINEAR
LINEAR LINEAR LINEAR LINEAR LINEAR LINEAR LINEAR LINEAR LINEAR LINEAR LINEAR LINEAR
LINEAR LINEAR LINEAR LINEAR LINEAR LINEAR LINEAR LINEAR LINEAR LINEAR LINEAR LINEAR
LINEAR LINEAR</Name_array><technique_common><accessor source="#mixamorig12_Neck-Interpolations-array" count="37"><param type="name"/></accessor></technique_common></source><sampler id="mixamorig12_Neck-Matrix-animation-transform"><input semantic="INPUT" source="#mixamorig12_Neck-Matrix-animation-input"/><input semantic="OUTPUT" source="#mixamorig12_Neck-Matrix-animation-output-transform"/><input semantic="INTERPOLATION" source="#mixamorig12_Neck-Interpolations"/></sampler><channel source="#mixamorig12_Neck-Matrix-animation-transform" target="mixamorig12_Neck/matrix"/></animation>
    <animation id="mixamorig12_Head-anim" name="mixamorig12_Head"><source id="mixamorig12_Head-Matrix-animation-input"><float_array id="mixamorig12_Head-Matrix-animation-input-array" count="37">

0.000000 0.033333 0.066667 0.100000 0.133333 0.166667 0.200000 0.233333 0.266667 0.300000 0.333333 0.366667 0.400000 0.433333 0.466667 0.500000
0.533333 0.566667 0.600000 0.633333 0.666667 0.700000 0.733333 0.766667 0.800000 0.833333 0.866667 0.900000 0.933333 0.966667 1.000000 1.033333
1.066667 1.100000 1.133333 1.166667 1.200000</float_array><technique_common><accessor source="#mixamorig12_Head-Matrix-animation-input-array" count="37"><param name="TIME" type="float"/></accessor></technique_common></source><source id="mixamorig12_Head-Matrix-animation-output-transform"><float_array id="mixamorig12_Head-Matrix-animation-output-transform-array" count="592">

0.999498 0.003586 0.031493 -0.000000 -0.007343 0.992745 0.120018 7.383900 -0.030834 -0.120189 0.992272 2.849900 0.000000 0.000000 0.000000 1.000000
0.999497 0.003783 0.031500 0.000000 -0.007538 0.992753 0.119938 7.383900 -0.030818 -0.120115 0.992282 2.849900 0.000000 0.000000 0.000000 1.000000
0.999491 0.004187 0.031616 0.000000 -0.007948 0.992765 0.119808 7.383900 -0.030886 -0.119998 0.992294 2.849900 0.000000 0.000000 0.000000 1.000000
0.999484 0.004633 0.031787 0.000000 -0.008413 0.992760 0.119816 7.383900 -0.031002 -0.120022 0.992287 2.849900 0.000000 0.000000 0.000000 1.000000
0.999480 0.004909 0.031878 -0.000000 -0.008704 0.992732 0.120031 7.383900 -0.031057 -0.120246 0.992258 2.849900 0.000000 0.000000 0.000000 1.000000
0.999479 0.005011 0.031871 -0.000000 -0.008807 0.992723 0.120096 7.383900 -0.031037 -0.120315 0.992251 2.849900 0.000000 0.000000 0.000000 1.000000
0.999475 0.005337 0.031950 -0.000000 -0.009119 0.992802 0.119417 7.383900 -0.031082 -0.119646 0.992330 2.849900 0.000000 0.000000 0.000000 1.000000
