<?xml version="1.0" encoding="utf-8"?>
<COLLADA xmlns="http://www.collada.org/2005/11/COLLADASchema" version="1.4.1">
  <asset><contributor><author>Mixamo</author><authoring_tool>COLLADA Mixamo exporter</authoring_tool><comments></comments></contributor><created>2019-12-09T13:46:03Z</created><modified>2019-12-09T13:46:03Z</modified><revision></revision><title></title><unit meter="0.010000"/><up_axis>Y_UP</up_axis></asset>
  <library_animations>
    <animation id="Hips-anim" name="Hips"><source id="Hips-Matrix-animation-input"><float_array id="Hips-Matrix-animation-input-array" count="33">

0.000000 0.033333 0.066667 0.100000 0.133333 0.166667 0.200000 0.233333 0.266667 0.300000 0.333333 0.366667 0.400000 0.433333 0.466667 0.500000
0.533333 0.566667 0.600000 0.633333 0.666667 0.700000 0.733333 0.766667 0.800000 0.833333 0.866667 0.900000 0.933333 0.966667 1.000000 1.033333
1.066667</float_array><technique_common><accessor source="#Hips-Matrix-animation-input-array" count="33"><param name="TIME" type="float"/></accessor></technique_common></source><source id="Hips-Matrix-animation-output-transform"><float_array id="Hips-Matrix-animation-output-transform-array" count="528">

0.690942 -0.003700 -0.722901 -1.253366 0.073342 0.995186 0.065006 87.111496 0.719180 -0.097934 0.687887 0.908983 0.000000 0.000000 0.000000 1.000000
0.689971 0.003756 -0.723827 -1.635347 0.080499 0.993385 0.081889 87.802917 0.719346 -0.114768 0.685105 0.840391 0.000000 0.000000 0.000000 1.000000
0.729939 0.000583 -0.683512 -2.460625 0.102051 0.988698 0.109825 88.816620 0.675851 -0.149918 0.721630 1.207660 0.000000 0.000000 0.000000 1.000000
0.832364 -0.039133 -0.552847 -3.891924 0.145672 0.977880 0.150104 90.016525 0.534743 -0.205475 0.819652 2.348360 0.000000 0.000000 0.000000 1.000000
0.928102 -0.114964 -0.354134 -5.304822 0.193752 0.961334 0.195697 90.839432 0.317943 -0.250241 0.914490 3.711679 0.000000 0.000000 0.000000 1.000000
0.965196 -0.181315 -0.188470 -6.111101 0.223717 0.945666 0.235937 90.966705 0.135451 -0.269889 0.953317 4.400200 0.000000 0.000000 0.000000 1.000000
0.971321 -0.211628 -0.108396 -6.480114 0.233290 0.936323 0.262439 90.701942 0.045954 -0.280200 0.958841 4.219265 0.000000 0.000000 0.000000 1.000000
0.972717 -0.215759 -0.085264 -6.726981 0.231151 0.932680 0.276907 90.348030 0.019779 -0.289061 0.957106 3.521475 0.000000 0.000000 0.000000 1.000000
0.973174 -0.209831 -0.094359 -6.904666 0.228439 0.930026 0.287867 90.134041 0.027353 -0.301699 0.953011 2.599010 0.000000 0.000000 0.000000 1.000000
0.971396 -0.198865 -0.129779 -6.984068 0.229410 0.927038 0.296600 90.063263 0.061326 -0.317889 0.946143 1.596275 0.000000 0.000000 0.000000 1.000000
0.965318 -0.182539 -0.186655 -7.014579 0.232729 0.925644 0.298364 90.119766 0.118313 -0.331457 0.936023 0.630936 0.000000 0.000000 0.000000 1.000000
0.954012 -0.162097 -0.252162 -7.049609 0.234836 0.926953 0.292591 90.243179 0.186314 -0.338352 0.922391 -0.210829 0.000000 0.000000 0.000000 1.000000
0.938128 -0.138651 -0.317318 -7.073997 0.233624 0.929799 0.284419 90.358948 0.255607 -0.340955 0.904663 -0.905707 0.000000 0.000000 0.000000 1.000000
0.917898 -0.112207 -0.380622 -7.022988 0.229327 0.932789 0.278054 90.453354 0.323841 -0.342512 0.881937 -1.443617 0.000000 0.000000 0.000000 1.000000
0.892759 -0.083898 -0.442654 -6.839260 0.222742 0.936226 0.271785 90.538582 0.391622 -0.341236 0.854512 -1.815688 0.000000 0.000000 0.000000 1.000000
0.861613 -0.056790 -0.504379 -6.515008 0.214825 0.941128 0.261012 90.626778 0.459862 -0.333245 0.823088 -2.024221 0.000000 0.000000 0.000000 1.000000
0.823917 -0.033284 -0.565732 -6.079684 0.206302 0.947393 0.244716 90.716263 0.527825 -0.318337 0.787440 -2.084281 0.000000 0.000000 0.000000 1.000000
0.781837 -0.013341 -0.623340 -5.557189 0.196369 0.954158 0.225878 90.766235 0.591752 -0.299005 0.748616 -2.001121 0.000000 0.000000 0.000000 1.000000
0.739030 0.003660 -0.673663 -4.965806 0.184114 0.960818 0.207199 90.772301 0.648026 -0.277157 0.709399 -1.773032 0.000000 0.000000 0.000000 1.000000
0.699338 0.016769 -0.714594 -4.329718 0.169470 0.967330 0.188552 90.746902 0.694411 -0.252964 0.673649 -1.420495 0.000000 0.000000 0.000000 1.000000
0.664972 0.024483 -0.746467 -3.659358 0.152990 0.973804 0.168227 90.690727 0.731031 -0.226068 0.643806 -0.985638 0.000000 0.000000 0.000000 1.000000
0.636968 0.026610 -0.770431 -2.979796 0.136137 0.979814 0.146396 90.593948 0.758775 -0.198134 0.620487 -0.518738 0.000000 0.000000 0.000000 1.000000
0.618793 0.024821 -0.785162 -2.403747 0.121790 0.984384 0.127103 90.431679 0.776056 -0.174276 0.606107 -0.105334 0.000000 0.000000 0.000000 1.000000
0.613308 0.021696 -0.789546 -2.039133 0.111916 0.987150 0.114061 90.186485 0.781875 -0.158317 0.602998 0.175903 0.000000 0.000000 0.000000 1.000000
0.616411 0.018551 -0.787206 -1.827979 0.105061 0.988847 0.105569 89.880440 0.780385 -0.147778 0.607587 0.354093 0.000000 0.000000 0.000000 1.000000
0.622110 0.015325 -0.782780 -1.655689 0.098987 0.990246 0.098056 89.547546 0.776647 -0.138487 0.614525 0.502856 0.000000 0.000000 0.000000 1.000000
0.629537 0.012032 -0.776878 -1.515667 0.093535 0.991435 0.091150 89.196564 0.771320 -0.130047 0.623019 0.626046 0.000000 0.000000 0.000000 1.000000
0.639361 0.008910 -0.768855 -1.431753 0.089093 0.992339 0.085588 88.829208 0.763727 -0.123222 0.633670 0.706546 0.000000 0.000000 0.000000 1.000000
0.650297 0.005981 -0.759657 -1.379431 0.085280 0.993074 0.080822 88.457672 0.754879 -0.117342 0.645282 0.762192 0.000000 0.000000 0.000000 1.000000
0.661083 0.003198 -0.750306 -1.334004 0.081743 0.993732 0.076259 88.093819 0.745846 -0.111746 0.656678 0.811452 0.000000 0.000000 0.000000 1.000000
0.671493 0.000613 -0.741010 -1.295165 0.078514 0.994312 0.071971 87.744202 0.736839 -0.106508 0.667626 0.854640 0.000000 0.000000 0.000000 1.000000
0.681512 -0.001707 -0.731805 -1.268387 0.075693 0.994798 0.068172 87.414497 0.727882 -0.101853 0.678096 0.887226 0.000000 0.000000 0.000000 1.000000
0.690942 -0.003700 -0.722901 -1.253366 0.073342 0.995186 0.065006 87.111481 0.719180 -0.097934 0.687887 0.908981 0.000000 0.000000 0.000000 1.000000</float_array><technique_common><accessor source="#Hips-Matrix-animation-output-transform-array" count="33" stride="16"><param type="float4x4"/></accessor></technique_common></source><source id="Hips-Interpolations"><Name_array id="Hips-Interpolations-array" count="33">
 LINEAR LINEAR LINEAR LINEAR LINEAR LINEAR LINEAR LINEAR LINEAR LINEAR LINEAR
LINEAR LINEAR LINEAR LINEAR LINEAR LINEAR LINEAR LINEAR LINEAR LINEAR LINEAR LINEAR
LINEAR LINEAR LINEAR LINEAR LINEAR LINEAR LINEAR LINEAR LINEAR LINEAR</Name_array><technique_common><accessor source="#Hips-Interpolations-array" count="33"><param type="name"/></accessor></technique_common></source><sampler id="Hips-Matrix-animation-transform"><input semantic="INPUT" source="#Hips-Matrix-animation-input"/><input semantic="OUTPUT" source="#Hips-Matrix-animation-output-transform"/><input semantic="INTERPOLATION" source="#Hips-Interpolations"/></sampler><channel source="#Hips-Matrix-animation-transform" target="Hips/matrix"/></animation>
    <animation id="Spine-anim" name="Spine"><source id="Spine-Matrix-animation-input"><float_array id="Spine-Matrix-animation-input-array" count="33">

0.000000 0.033333 0.066667 0.100000 0.133333 0.166667 0.200000 0.233333 0.266667 0.300000 0.333333 0.366667 0.400000 0.433333 0.466667 0.500000
0.533333 0.566667 0.600000 0.633333 0.666667 0.700000 0.733333 0.766667 0.800000 0.833333 0.866667 0.900000 0.933333 0.966667 1.000000 1.033333
1.066667</float_array><technique_common><accessor source="#Spine-Matrix-animation-input-array" count="33"><param name="TIME" type="float"/></accessor></technique_common></source><source id="Spine-Matrix-animation-output-transform"><float_array id="Spine-Matrix-animation-output-transform-array" count="528">

0.991483 0.037594 0.124690 0.000000 -0.016757 0.986297 -0.164125 10.993800 -0.129151 0.160637 0.978527 0.920600 0.000000 0.000000 0.000000 1.000000
0.995331 0.033936 0.090353 0.000000 -0.019893 0.988180 -0.152004 10.993800 -0.094443 0.149497 0.984241 0.920600 0.000000 0.000000 0.000000 1.000000
0.998358 0.019478 0.053864 0.000000 -0.012469 0.991759 -0.127510 10.993800 -0.055903 0.126629 0.990374 0.920600 0.000000 0.000000 0.000000 1.000000
0.998203 0.003605 0.059809 0.000000 0.001040 0.996996 -0.077441 10.993800 -0.059908 0.077364 0.995201 0.920600 0.000000 0.000000 0.000000 1.000000
0.992221 0.004175 0.124420 -0.000000 -0.002150 0.999863 -0.016404 10.993800 -0.124471 0.016009 0.992094 0.920600 0.000000 0.000000 0.000000 1.000000
0.980656 0.019453 0.194772 -0.000000 -0.025100 0.999332 0.026566 10.993800 -0.194125 -0.030941 0.980489 0.920600 0.000000 0.000000 0.000000 1.000000
0.976028 0.029566 0.215627 -0.000000 -0.039982 0.998227 0.044103 10.993800 -0.213941 -0.051667 0.975479 0.920600 0.000000 0.000000 0.000000 1.000000
0.980116 0.025728 0.196750 -0.000000 -0.035344 0.998338 0.045522 10.993800 -0.195252 -0.051571 0.979396 0.920600 0.000000 0.000000 0.000000 1.000000
0.984918 0.014203 0.172437 0.000000 -0.021148 0.999035 0.038504 10.993800 -0.171724 -0.041570 0.984268 0.920600 0.000000 0.000000 0.000000 1.000000
0.988156 0.001628 0.153446 0.000000 -0.005485 0.999679 0.024718 10.993800 -0.153357 -0.025267 0.987848 0.920600 0.000000 0.000000 0.000000 1.000000
0.991254 -0.009535 0.131625 0.000000 0.008621 0.999935 0.007517 10.993800 -0.131688 -0.006316 0.991271 0.920600 0.000000 0.000000 0.000000 1.000000
0.994291 -0.017555 0.105251 0.000000 0.018669 0.999780 -0.009603 10.993800 -0.105059 0.011513 0.994399 0.920600 0.000000 0.000000 0.000000 1.000000
0.996636 -0.020938 0.079236 0.000000 0.023150 0.999365 -0.027103 10.993800 -0.078618 0.028846 0.996487 0.920600 0.000000 0.000000 0.000000 1.000000
0.998152 -0.019953 0.057403 -0.000000 0.022616 0.998680 -0.046123 10.993800 -0.056407 0.047336 0.997285 0.920600 0.000000 0.000000 0.000000 1.000000
0.999025 -0.016565 0.040927 0.000000 0.019183 0.997738 -0.064426 10.993800 -0.039767 0.065148 0.997083 0.920600 0.000000 0.000000 0.000000 1.000000
0.999492 -0.011807 0.029591 -0.000000 0.014113 0.996775 -0.078999 10.993800 -0.028563 0.079376 0.996435 0.920600 0.000000 0.000000 0.000000 1.000000
0.999724 -0.004927 0.022954 0.000000 0.006976 0.995913 -0.090050 10.993800 -0.022417 0.090186 0.995673 0.920600 0.000000 0.000000 0.000000 1.000000
0.999773 0.003863 0.020941 -0.000000 -0.001751 0.994992 -0.099944 10.993800 -0.021222 0.099885 0.994773 0.920600 0.000000 0.000000 0.000000 1.000000
0.999688 0.012331 0.021732 0.000000 -0.009885 0.993966 -0.109243 10.993800 -0.022948 0.108994 0.993777 0.920600 0.000000 0.000000 0.000000 1.000000
0.999539 0.018983 0.023715 0.000000 -0.016085 0.993010 -0.116929 10.993800 -0.025768 0.116494 0.992857 0.920600 0.000000 0.000000 0.000000 1.000000
0.999311 0.024829 0.027580 0.000000 -0.021270 0.992232 -0.122567 10.993800 -0.030409 0.121896 0.992077 0.920600 0.000000 0.000000 0.000000 1.000000
0.998941 0.030955 0.034041 0.000000 -0.026415 0.991608 -0.126556 10.993800 -0.037673 0.125523 0.991375 0.920600 0.000000 0.000000 0.000000 1.000000
0.998462 0.036262 0.041942 0.000000 -0.030549 0.991092 -0.129628 10.993800 -0.046269 0.128147 0.990675 0.920600 0.000000 0.000000 0.000000 1.000000
0.997976 0.039298 0.049995 0.000000 -0.032366 0.990640 -0.132610 10.993800 -0.054738 0.130724 0.989907 0.920600 0.000000 0.000000 0.000000 1.000000
0.997480 0.040638 0.058156 -0.000000 -0.032415 0.990186 -0.135943 10.993800 -0.063110 0.133715 0.989008 0.920600 0.000000 0.000000 0.000000 1.000000
0.996912 0.041516 0.066660 0.000000 -0.031884 0.989702 -0.139550 10.993800 -0.071767 0.136993 0.987969 0.920600 0.000000 0.000000 0.000000 1.000000
0.996270 0.041955 0.075410 0.000000 -0.030805 0.989191 -0.143359 10.993800 -0.080610 0.140501 0.986794 0.920600 0.000000 0.000000 0.000000 1.000000
0.995570 0.041689 0.084274 0.000000 -0.028939 0.988681 -0.147214 10.993800 -0.089457 0.144123 0.985508 0.920600 0.000000 0.000000 0.000000 1.000000
0.994812 0.041030 0.093088 -0.000000 -0.026628 0.988177 -0.150987 10.993800 -0.098182 0.147725 0.984143 0.920600 0.000000 0.000000 0.000000 1.000000
0.994000 0.040302 0.101685 0.000000 -0.024227 0.987675 -0.154630 10.993800 -0.106663 0.151238 0.982726 0.920600 0.000000 0.000000 0.000000 1.000000
0.993155 0.039534 0.109914 0.000000 -0.021802 0.987186 -0.158079 10.993800 -0.114755 0.154601 0.981290 0.920600 0.000000 0.000000 0.000000 1.000000
0.992308 0.038547 0.117636 -0.000000 -0.019214 0.986725 -0.161257 10.993800 -0.122290 0.157756 0.979877 0.920600 0.000000 0.000000 0.000000 1.000000
0.991483 0.037595 0.124690 0.000000 -0.016757 0.986297 -0.164125 10.993800 -0.129151 0.160637 0.978527 0.920600 0.000000 0.000000 0.000000 1.000000</float_array><technique_common><accessor source="#Spine-Matrix-animation-output-transform-array" count="33" stride="16"><param type="float4x4"/></accessor></technique_common></source><source id="Spine-Interpolations"><Name_array id="Spine-Interpolations-array" count="33">
 LINEAR LINEAR LINEAR LINEAR LINEAR LINEAR LINEAR LINEAR LINEAR LINEAR LINEAR
LINEAR LINEAR LINEAR LINEAR LINEAR LINEAR LINEAR LINEAR LINEAR LINEAR LINEAR LINEAR
LINEAR LINEAR LINEAR LINEAR LINEAR LINEAR LINEAR LINEAR LINEAR LINEAR</Name_array><technique_common><accessor source="#Spine-Interpolations-array" count="33"><param type="name"/></accessor></technique_common></source><sampler id="Spine-Matrix-animation-transform"><input semantic="INPUT" source="#Spine-Matrix-animation-input"/><input semantic="OUTPUT" source="#Spine-Matrix-animation-output-transform"/><input semantic="INTERPOLATION" source="#Spine-Interpolations"/></sampler><channel source="#Spine-Matrix-animation-transform" target="Spine/matrix"/></animation>
    <animation id="Spine1-anim" name="Spine1"><source id="Spine1-Matrix-animation-input"><float_array id="Spine1-Matrix-animation-input-array" count="33">

0.000000 0.033333 0.066667 0.100000 0.133333 0.166667 0.200000 0.233333 0.266667 0.300000 0.333333 0.366667 0.400000 0.433333 0.466667 0.500000
0.533333 0.566667 0.600000 0.633333 0.666667 0.700000 0.733333 0.766667 0.800000 0.833333 0.866667 0.900000 0.933333 0.966667 1.000000 1.033333
1.066667</float_array><technique_common><accessor source="#Spine1-Matrix-animation-input-array" count="33"><param name="TIME" type="float"/></accessor></technique_common></source><source id="Spine1-Matrix-animation-output-transform"><float_array id="Spine1-Matrix-animation-output-transform-array" count="528">

0.999723 0.015978 0.017276 0.000000 -0.015309 0.999154 -0.038168 11.314000 -0.017871 0.037893 0.999122 0.660000 0.000000 0.000000 0.000000 1.000000
0.999655 0.025136 0.007645 -0.000000 -0.024549 0.997307 -0.069112 11.314000 -0.009361 0.068901 0.997580 0.660000 0.000000 0.000000 0.000000 1.000000
0.999543 0.030194 -0.001248 0.000000 -0.030169 0.994611 -0.099186 11.314000 -0.001753 0.099178 0.995068 0.660000 0.000000 0.000000 0.000000 1.000000
0.999093 0.037790 0.019648 0.000000 -0.035265 0.992629 -0.115948 11.314000 -0.023885 0.115149 0.993061 0.660000 0.000000 0.000000 0.000000 1.000000
0.994982 0.061987 0.078544 0.000000 -0.052107 0.991145 -0.122134 11.314000 -0.085419 0.117428 0.989401 0.660000 0.000000 0.000000 0.000000 1.000000
0.985952 0.096243 0.136513 -0.000000 -0.078531 0.988442 -0.129677 11.314000 -0.147415 0.117134 0.982114 0.660000 0.000000 0.000000 0.000000 1.000000
0.980834 0.116405 0.156254 0.000000 -0.094679 0.985622 -0.139947 11.314000 -0.170298 0.122471 0.977752 0.660000 0.000000 0.000000 0.000000 1.000000
0.982725 0.113966 0.145821 0.000000 -0.092585 0.984966 -0.145845 11.314000 -0.160250 0.129825 0.978502 0.660000 0.000000 0.000000 0.000000 1.000000
0.985904 0.103291 0.131620 -0.000000 -0.082633 0.984648 -0.153755 11.314000 -0.145481 0.140712 0.979304 0.660000 0.000000 0.000000 0.000000 1.000000
0.988317 0.092781 0.120914 -0.000000 -0.072102 0.983588 -0.165397 11.314000 -0.134276 0.154746 0.978787 0.660000 0.000000 0.000000 0.000000 1.000000
0.990685 0.083301 0.107727 0.000000 -0.063247 0.982043 -0.177739 11.314000 -0.120598 0.169270 0.978163 0.660000 0.000000 0.000000 0.000000 1.000000
0.992990 0.075661 0.090804 -0.000000 -0.057490 0.980437 -0.188251 11.314000 -0.103271 0.181711 0.977914 0.660000 0.000000 0.000000 0.000000 1.000000
0.994757 0.071086 0.073516 0.000000 -0.055333 0.978713 -0.197636 11.314000 -0.086000 0.192532 0.977515 0.660000 0.000000 0.000000 0.000000 1.000000
0.995870 0.069386 0.058552 0.000000 -0.055862 0.976685 -0.207284 11.314000 -0.071569 0.203157 0.976527 0.660000 0.000000 0.000000 0.000000 1.000000
0.996492 0.069252 0.046992 -0.000000 -0.057542 0.974666 -0.216138 11.314000 -0.060769 0.212675 0.975231 0.660000 0.000000 0.000000 0.000000 1.000000
0.996781 0.070149 0.038828 0.000000 -0.059814 0.973091 -0.222522 11.314000 -0.053393 0.219483 0.974154 0.660000 0.000000 0.000000 0.000000 1.000000
0.996784 0.072743 0.033619 0.000000 -0.063281 0.971904 -0.226714 11.314000 -0.049167 0.223857 0.973381 0.660000 0.000000 0.000000 0.000000 1.000000
0.996631 0.076108 0.030566 0.000000 -0.067168 0.971265 -0.228324 11.314000 -0.047065 0.225502 0.973105 0.660000 0.000000 0.000000 0.000000 1.000000
0.996556 0.077902 0.028401 0.000000 -0.069481 0.971485 -0.226693 11.314000 -0.045251 0.223939 0.973552 0.660000 0.000000 0.000000 0.000000 1.000000
0.996674 0.077129 0.026309 -0.000000 -0.069428 0.972699 -0.221442 11.314000 -0.042670 0.218879 0.974819 0.660000 0.000000 0.000000 0.000000 1.000000
0.996866 0.075129 0.024772 -0.000000 -0.068169 0.974700 -0.212866 11.314000 -0.040138 0.210511 0.976767 0.660000 0.000000 0.000000 0.000000 1.000000
0.997035 0.073010 0.024286 0.000000 -0.066647 0.977197 -0.201604 11.314000 -0.038451 0.199388 0.979166 0.660000 0.000000 0.000000 0.000000 1.000000
0.997239 0.070206 0.024178 0.000000 -0.064425 0.979990 -0.188331 11.314000 -0.036916 0.186254 0.981808 0.660000 0.000000 0.000000 0.000000 1.000000
0.997529 0.066135 0.023691 -0.000000 -0.061034 0.982876 -0.173865 11.314000 -0.034784 0.171990 0.984484 0.660000 0.000000 0.000000 0.000000 1.000000
0.997859 0.061222 0.022989 0.000000 -0.056818 0.985687 -0.158721 11.314000 -0.032377 0.157075 0.987056 0.660000 0.000000 0.000000 0.000000 1.000000
0.998184 0.055969 0.022257 0.000000 -0.052229 0.988343 -0.143003 11.314000 -0.030001 0.141581 0.989472 0.660000 0.000000 0.000000 0.000000 1.000000
0.998497 0.050381 0.021561 0.000000 -0.047251 0.990788 -0.126910 11.314000 -0.027756 0.125701 0.991680 0.660000 0.000000 0.000000 0.000000 1.000000
0.998794 0.044463 0.020834 -0.000000 -0.041891 0.992954 -0.110853 11.314000 -0.025616 0.109847 0.993618 0.660000 0.000000 0.000000 0.000000 1.000000
0.999059 0.038426 0.020094 0.000000 -0.036353 0.994814 -0.094991 11.314000 -0.023640 0.094171 0.995275 0.660000 0.000000 0.000000 0.000000 1.000000
0.999290 0.032347 0.019340 0.000000 -0.030713 0.996360 -0.079517 11.314000 -0.021842 0.078867 0.996646 0.660000 0.000000 0.000000 0.000000 1.000000
0.999475 0.026505 0.018609 -0.000000 -0.025250 0.997585 -0.064706 11.314000 -0.020279 0.064203 0.997731 0.660000 0.000000 0.000000 0.000000 1.000000
0.999619 0.021011 0.017916 0.000000 -0.020077 0.998505 -0.050832 11.314000 -0.018958 0.050453 0.998546 0.660000 0.000000 0.000000 0.000000 1.000000
0.999723 0.015978 0.017276 0.000000 -0.015309 0.999154 -0.038168 11.314000 -0.017871 0.037893 0.999122 0.660000 0.000000 0.000000 0.000000 1.000000</float_array><technique_common><accessor source="#Spine1-Matrix-animation-output-transform-array" count="33" stride="16"><param type="float4x4"/></accessor></technique_common></source><source id="Spine1-Interpolations"><Name_array id="Spine1-Interpolations-array" count="33">
 LINEAR LINEAR LINEAR LINEAR LINEAR LINEAR LINEAR LINEAR LINEAR LINEAR LINEAR
LINEAR LINEAR LINEAR LINEAR LINEAR LINEAR LINEAR LINEAR LINEAR LINEAR LINEAR LINEAR
LINEAR LINEAR LINEAR LINEAR LINEAR LINEAR LINEAR LINEAR LINEAR LINEAR</Name_array><technique_common><accessor source="#Spine1-Interpolations-array" count="33"><param type="name"/></accessor></technique_common></source><sampler id="Spine1-Matrix-animation-transform"><input semantic="INPUT" source="#Spine1-Matrix-animation-input"/><input semantic="OUTPUT" source="#Spine1-Matrix-animation-output-transform"/><input semantic="INTERPOLATION" source="#Spine1-Interpolations"/></sampler><channel source="#Spine1-Matrix-animation-transform" target="Spine1/matrix"/></animation>
    <animation id="Spine2-anim" name="Spine2"><source id="Spine2-Matrix-animation-input"><float_array id="Spine2-Matrix-animation-input-array" count="33">

0.000000 0.033333 0.066667 0.100000 0.133333 0.166667 0.200000 0.233333 0.266667 0.300000 0.333333 0.366667 0.400000 0.433333 0.466667 0.500000
0.533333 0.566667 0.600000 0.633333 0.666667 0.700000 0.733333 0.766667 0.800000 0.833333 0.866667 0.900000 0.933333 0.966667 1.000000 1.033333
1.066667</float_array><technique_common><accessor source="#Spine2-Matrix-animation-input-array" count="33"><param name="TIME" type="float"/></accessor></technique_common></source><source id="Spine2-Matrix-animation-output-transform"><float_array id="Spine2-Matrix-animation-output-transform-array" count="528">

0.999731 0.015603 0.017152 0.000000 -0.014935 0.999150 -0.038432 10.456600 -0.017737 0.038165 0.999114 -0.360800 0.000000 0.000000 0.000000 1.000000
0.999666 0.024748 0.007398 -0.000000 -0.024176 0.997295 -0.069409 10.456600 -0.009096 0.069207 0.997561 -0.360800 0.000000 0.000000 0.000000 1.000000
0.999553 0.029844 -0.001759 0.000000 -0.029870 0.994578 -0.099615 10.456600 -0.001224 0.099623 0.995025 -0.360800 0.000000 0.000000 0.000000 1.000000
0.999129 0.037233 0.018822 0.000000 -0.034796 0.992591 -0.116418 10.456600 -0.023017 0.115661 0.993022 -0.360800 0.000000 0.000000 0.000000 1.000000
0.995137 0.060578 0.077666 0.000000 -0.050820 0.991230 -0.121985 10.456600 -0.084375 0.117444 0.989489 -0.360800 0.000000 0.000000 0.000000 1.000000
0.986284 0.093669 0.135905 0.000000 -0.076225 0.988798 -0.128327 10.456600 -0.146403 0.116208 0.982376 -0.360800 0.000000 0.000000 0.000000 1.000000
0.981271 0.113178 0.155881 0.000000 -0.091848 0.986187 -0.137838 10.456600 -0.169328 0.120939 0.978111 -0.360800 0.000000 0.000000 0.000000 1.000000
0.983148 0.110746 0.145448 0.000000 -0.089723 0.985515 -0.143909 10.456600 -0.159278 0.128433 0.978844 -0.360800 0.000000 0.000000 0.000000 1.000000
0.986278 0.100278 0.131147 0.000000 -0.079886 0.985080 -0.152435 10.456600 -0.144476 0.139867 0.979573 -0.360800 0.000000 0.000000 0.000000 1.000000
0.988652 0.089965 0.120309 0.000000 -0.069493 0.983896 -0.164679 10.456600 -0.133187 0.154449 0.978983 -0.360800 0.000000 0.000000 0.000000 1.000000
0.990976 0.080804 0.106946 0.000000 -0.060932 0.982228 -0.177528 10.456600 -0.119391 0.169410 0.978287 -0.360800 0.000000 0.000000 0.000000 1.000000
0.993230 0.073616 0.089864 0.000000 -0.055628 0.980515 -0.188405 10.456600 -0.101982 0.182130 0.977971 -0.360800 0.000000 0.000000 0.000000 1.000000
0.994947 0.069474 0.072489 -0.000000 -0.053917 0.978723 -0.197976 10.456600 -0.084701 0.193067 0.977523 -0.360800 0.000000 0.000000 0.000000 1.000000
0.996020 0.068091 0.057508 0.000000 -0.054776 0.976659 -0.207693 10.456600 -0.070308 0.203716 0.976502 -0.360800 0.000000 0.000000 0.000000 1.000000
0.996613 0.068176 0.045978 -0.000000 -0.056681 0.974622 -0.216563 10.456600 -0.059576 0.213223 0.975185 -0.360800 0.000000 0.000000 0.000000 1.000000
0.996878 0.069263 0.037900 0.000000 -0.059131 0.973040 -0.222927 10.456600 -0.052319 0.219990 0.974098 -0.360800 0.000000 0.000000 0.000000 1.000000
0.996861 0.072041 0.032835 -0.000000 -0.062755 0.971854 -0.227070 10.456600 -0.048269 0.224297 0.973325 -0.360800 0.000000 0.000000 0.000000 1.000000
0.996691 0.075568 0.029937 -0.000000 -0.066770 0.971222 -0.228625 10.456600 -0.046352 0.225869 0.973054 -0.360800 0.000000 0.000000 0.000000 1.000000
0.996604 0.077480 0.027889 0.000000 -0.069173 0.971447 -0.226951 10.456600 -0.044677 0.224251 0.973507 -0.360800 0.000000 0.000000 0.000000 1.000000
0.996712 0.076787 0.025881 -0.000000 -0.069178 0.972665 -0.221669 10.456600 -0.042195 0.219150 0.974778 -0.360800 0.000000 0.000000 0.000000 1.000000
0.996895 0.074859 0.024440 0.000000 -0.067967 0.974674 -0.213051 10.456600 -0.039770 0.210728 0.976735 -0.360800 0.000000 0.000000 0.000000 1.000000
0.997055 0.072811 0.024067 0.000000 -0.066490 0.977182 -0.201730 10.456600 -0.038206 0.199536 0.979145 -0.360800 0.000000 0.000000 0.000000 1.000000
0.997253 0.070051 0.024050 -0.000000 -0.064294 0.979984 -0.188410 10.456600 -0.036767 0.186346 0.981796 -0.360800 0.000000 0.000000 0.000000 1.000000
0.997542 0.065988 0.023569 0.000000 -0.060908 0.982873 -0.173925 10.456600 -0.034642 0.172062 0.984477 -0.360800 0.000000 0.000000 0.000000 1.000000
0.997871 0.061055 0.022909 -0.000000 -0.056665 0.985687 -0.158779 10.456600 -0.032275 0.157143 0.987048 -0.360800 0.000000 0.000000 0.000000 1.000000
0.998196 0.055782 0.022224 0.000000 -0.052046 0.988343 -0.143069 10.456600 -0.029945 0.141655 0.989463 -0.360800 0.000000 0.000000 0.000000 1.000000
0.998508 0.050179 0.021515 0.000000 -0.047054 0.990786 -0.126996 10.456600 -0.027690 0.125795 0.991670 -0.360800 0.000000 0.000000 0.000000 1.000000
0.998805 0.044233 0.020776 0.000000 -0.041666 0.992951 -0.110963 10.456600 -0.025538 0.109965 0.993607 -0.360800 0.000000 0.000000 0.000000 1.000000
0.999071 0.038152 0.020019 -0.000000 -0.036083 0.994811 -0.095128 10.456600 -0.023545 0.094317 0.995264 -0.360800 0.000000 0.000000 0.000000 1.000000
0.999301 0.032044 0.019252 0.000000 -0.030415 0.996356 -0.079684 10.456600 -0.021735 0.079043 0.996634 -0.360800 0.000000 0.000000 0.000000 1.000000
0.999486 0.026176 0.018509 0.000000 -0.024924 0.997580 -0.064905 10.456600 -0.020163 0.064410 0.997720 -0.360800 0.000000 0.000000 0.000000 1.000000
0.999628 0.020658 0.017803 -0.000000 -0.019726 0.998501 -0.051064 10.456600 -0.018831 0.050694 0.998537 -0.360800 0.000000 0.000000 0.000000 1.000000
0.999731 0.015603 0.017152 -0.000000 -0.014935 0.999150 -0.038432 10.456600 -0.017737 0.038165 0.999114 -0.360800 0.000000 0.000000 0.000000 1.000000</float_array><technique_common><accessor source="#Spine2-Matrix-animation-output-transform-array" count="33" stride="16"><param type="float4x4"/></accessor></technique_common></source><source id="Spine2-Interpolations"><Name_array id="Spine2-Interpolations-array" count="33">
 LINEAR LINEAR LINEAR LINEAR LINEAR LINEAR LINEAR LINEAR LINEAR LINEAR LINEAR
LINEAR LINEAR LINEAR LINEAR LINEAR LINEAR LINEAR LINEAR LINEAR LINEAR LINEAR LINEAR
LINEAR LINEAR LINEAR LINEAR LINEAR LINEAR LINEAR LINEAR LINEAR LINEAR</Name_array><technique_common><accessor source="#Spine2-Interpolations-array" count="33"><param type="name"/></accessor></technique_common></source><sampler id="Spine2-Matrix-animation-transform"><input semantic="INPUT" source="#Spine2-Matrix-animation-input"/><input semantic="OUTPUT" source="#Spine2-Matrix-animation-output-transform"/><input semantic="INTERPOLATION" source="#Spine2-Interpolations"/></sampler><channel source="#Spine2-Matrix-animation-transform" target="Spine2/matrix"/></animation>
    <animation id="Neck-anim" name="Neck"><source id="Neck-Matrix-animation-input"><float_array id="Neck-Matrix-animation-input-array" count="33">

0.000000 0.033333 0.066667 0.100000 0.133333 0.166667 0.200000 0.233333 0.266667 0.300000 0.333333 0.366667 0.400000 0.433333 0.466667 0.500000
0.533333 0.566667 0.600000 0.633333 0.666667 0.700000 0.733333 0.766667 0.800000 0.833333 0.866667 0.900000 0.933333 0.966667 1.000000 1.033333
1.066667</float_array><technique_common><accessor source="#Neck-Matrix-animation-input-array" count="33"><param name="TIME" type="float"/></accessor></technique_common></source><source id="Neck-Matrix-animation-output-transform"><float_array id="Neck-Matrix-animation-output-transform-array" count="528">

0.970444 -0.077035 0.228700 -0.000000 0.079469 0.996836 -0.001438 17.401699 -0.227866 0.019570 0.973496 -2.574500 0.000000 0.000000 0.000000 1.000000
0.977333 -0.065497 0.201321 0.000000 0.070424 0.997365 -0.017401 17.401699 -0.199651 0.031184 0.979371 -2.574500 0.000000 0.000000 0.000000 1.000000
0.982919 -0.040590 0.179506 0.000000 0.047126 0.998367 -0.032295 17.401699 -0.177902 0.040203 0.983227 -2.574500 0.000000 0.000000 0.000000 1.000000
0.986514 0.010283 0.163352 -0.000000 -0.004264 0.999301 -0.037150 17.401699 -0.163620 0.035952 0.985868 -2.574500 0.000000 0.000000 0.000000 1.000000
0.987254 0.070847 0.142515 -0.000000 -0.068377 0.997413 -0.022167 17.401699 -0.143717 0.012140 0.989544 -2.574500 0.000000 0.000000 0.000000 1.000000
0.987597 0.105789 0.116023 0.000000 -0.107195 0.994220 0.005929 17.401699 -0.114725 -0.018292 0.993229 -2.574500 0.000000 0.000000 0.000000 1.000000
0.990025 0.104701 0.094274 0.000000 -0.107729 0.993797 0.027609 17.401699 -0.090798 -0.037490 0.995163 -2.574500 0.000000 0.000000 0.000000 1.000000
0.992907 0.086297 0.081781 -0.000000 -0.089438 0.995358 0.035546 17.401699 -0.078333 -0.042608 0.996016 -2.574500 0.000000 0.000000 0.000000 1.000000
0.995041 0.072086 0.068533 0.000000 -0.074611 0.996597 0.035034 17.401699 -0.065775 -0.039974 0.997033 -2.574500 0.000000 0.000000 0.000000 1.000000
0.996405 0.064159 0.055324 0.000000 -0.065921 0.997354 0.030637 17.401699 -0.053212 -0.034173 0.997998 -2.574500 0.000000 0.000000 0.000000 1.000000
0.997318 0.057140 0.045730 0.000000 -0.058202 0.998057 0.022235 17.401699 -0.044371 -0.024837 0.998706 -2.574500 0.000000 0.000000 0.000000 1.000000
0.997975 0.049609 0.039808 -0.000000 -0.050094 0.998681 0.011274 17.401699 -0.039196 -0.013245 0.999144 -2.574500 0.000000 0.000000 0.000000 1.000000
0.998394 0.043240 0.036595 -0.000000 -0.043318 0.999060 0.001328 17.401699 -0.036503 -0.002911 0.999329 -2.574500 0.000000 0.000000 0.000000 1.000000
0.998647 0.038490 0.034954 0.000000 -0.038286 0.999246 -0.006485 17.401699 -0.035178 0.005138 0.999368 -2.574500 0.000000 0.000000 0.000000 1.000000
0.998835 0.034362 0.033888 -0.000000 -0.033922 0.999334 -0.013484 17.401699 -0.034328 0.012319 0.999335 -2.574500 0.000000 0.000000 0.000000 1.000000
0.998988 0.030459 0.033081 0.000000 -0.029799 0.999350 -0.020279 17.401699 -0.033677 0.019273 0.999247 -2.574500 0.000000 0.000000 0.000000 1.000000
0.999097 0.026881 0.032905 0.000000 -0.026013 0.999310 -0.026526 17.401699 -0.033596 0.025646 0.999106 -2.574500 0.000000 0.000000 0.000000 1.000000
0.999126 0.022877 0.034976 0.000000 -0.021771 0.999261 -0.031692 17.401699 -0.035675 0.030903 0.998886 -2.574500 0.000000 0.000000 0.000000 1.000000
0.999044 0.018067 0.039816 0.000000 -0.016649 0.999225 -0.035682 17.401699 -0.040429 0.034985 0.998570 -2.574500 0.000000 0.000000 0.000000 1.000000
0.998808 0.012556 0.047164 0.000000 -0.010742 0.999200 -0.038532 17.401699 -0.047610 0.037979 0.998144 -2.574500 0.000000 0.000000 0.000000 1.000000
0.998370 0.006457 0.056700 0.000000 -0.004175 0.999180 -0.040265 17.401699 -0.056913 0.039963 0.997579 -2.574500 0.000000 0.000000 0.000000 1.000000
0.997678 -0.000143 0.068108 -0.000000 0.002938 0.999157 -0.040941 17.401699 -0.068045 0.041046 0.996838 -2.574500 0.000000 0.000000 0.000000 1.000000
0.996682 -0.007146 0.081077 0.000000 0.010468 0.999120 -0.040618 17.401699 -0.080715 0.041332 0.995880 -2.574500 0.000000 0.000000 0.000000 1.000000
0.995344 -0.014455 0.095296 0.000000 0.018276 0.999058 -0.039356 17.401699 -0.094637 0.040914 0.994671 -2.574500 0.000000 0.000000 0.000000 1.000000
0.993638 -0.021968 0.110455 0.000000 0.026225 0.998963 -0.037228 17.401699 -0.109523 0.039888 0.993184 -2.574500 0.000000 0.000000 0.000000 1.000000
0.991558 -0.029589 0.126243 -0.000000 0.034176 0.998826 -0.034320 17.401699 -0.125079 0.038344 0.991405 -2.574500 0.000000 0.000000 0.000000 1.000000
0.989116 -0.037215 0.142351 -0.000000 0.041995 0.998645 -0.030726 17.401699 -0.141014 0.036369 0.989339 -2.574500 0.000000 0.000000 0.000000 1.000000
0.986350 -0.044678 0.158485 -0.000000 0.049492 0.998421 -0.026563 17.401699 -0.157048 0.034044 0.987004 -2.574500 0.000000 0.000000 0.000000 1.000000
0.983317 -0.051869 0.174350 0.000000 0.056545 0.998159 -0.021957 17.401699 -0.172890 0.031449 0.984439 -2.574500 0.000000 0.000000 0.000000 1.000000
0.980095 -0.058840 0.189607 0.000000 0.063198 0.997856 -0.017013 17.401699 -0.188200 0.028657 0.981713 -2.574500 0.000000 0.000000 0.000000 1.000000
0.976792 -0.065451 0.203947 -0.000000 0.069316 0.997524 -0.011857 17.401699 -0.202666 0.025719 0.978910 -2.574500 0.000000 0.000000 0.000000 1.000000
0.973552 -0.071513 0.216985 0.000000 0.074707 0.997184 -0.006541 17.401699 -0.215906 0.022578 0.976153 -2.574500 0.000000 0.000000 0.000000 1.000000
0.970444 -0.077035 0.228700 -0.000000 0.079469 0.996836 -0.001438 17.401699 -0.227866 0.019570 0.973496 -2.574500 0.000000 0.000000 0.000000 1.000000</float_array><technique_common><accessor source="#Neck-Matrix-animation-output-transform-array" count="33" stride="16"><param type="float4x4"/></accessor></technique_common></source><source id="Neck-Interpolations"><Name_array id="Neck-Interpolations-array" count="33">
 LINEAR LINEAR LINEAR LINEAR LINEAR LINEAR LINEAR LINEAR LINEAR LINEAR LINEAR
LINEAR LINEAR LINEAR LINEAR LINEAR LINEAR LINEAR LINEAR LINEAR LINEAR LINEAR LINEAR
LINEAR LINEAR LINEAR LINEAR LINEAR LINEAR LINEAR LINEAR LINEAR LINEAR</Name_array><technique_common><accessor source="#Neck-Interpolations-array" count="33"><param type="name"/></accessor></technique_common></source><sampler id="Neck-Matrix-animation-transform"><input semantic="INPUT" source="#Neck-Matrix-animation-input"/><input semantic="OUTPUT" source="#Neck-Matrix-animation-output-transform"/><input semantic="INTERPOLATION" source="#Neck-Interpolations"/></sampler><channel source="#Neck-Matrix-animation-transform" target="Neck/matrix"/></animation>
    <animation id="Neck1-anim" name="Neck1"><source id="Neck1-Matrix-animation-input"><float_array id="Neck1-Matrix-animation-input-array" count="33">

0.000000 0.033333 0.066667 0.100000 0.133333 0.166667 0.200000 0.233333 0.266667 0.300000 0.333333 0.366667 0.400000 0.433333 0.466667 0.500000
0.533333 0.566667 0.600000 0.633333 0.666667 0.700000 0.733333 0.766667 0.800000 0.833333 0.866667 0.900000 0.933333 0.966667 1.000000 1.033333
1.066667</float_array><technique_common><accessor source="#Neck1-Matrix-animation-input-array" count="33"><param name="TIME" type="float"/></accessor></technique_common></source><source id="Neck1-Matrix-animation-output-transform"><float_array id="Neck1-Matrix-animation-output-transform-array" count="528">

0.996738 0.058022 0.056099 0.000000 -0.043712 0.972423 -0.229092 4.855800 -0.067844 0.225893 0.971787 1.014100 0.000000 0.000000 0.000000 1.000000
0.997160 0.047693 0.058282 -0.000000 -0.034798 0.978132 -0.205052 4.855800 -0.066787 0.202441 0.977014 1.014100 0.000000 0.000000 0.000000 1.000000
0.996491 0.048067 0.068521 0.000000 -0.035522 0.984145 -0.173772 4.855800 -0.075787 0.170728 0.982399 1.014100 0.000000 0.000000 0.000000 1.000000
0.993832 0.071766 0.084545 0.000000 -0.060158 0.989338 -0.132635 4.855800 -0.093162 0.126731 0.987553 1.014100 0.000000 0.000000 0.000000 1.000000
0.989799 0.104763 0.096549 0.000000 -0.097207 0.992051 -0.079911 4.855800 -0.104153 0.069710 0.992115 1.014100 0.000000 0.000000 0.000000 1.000000
0.988059 0.117651 0.099484 0.000000 -0.115683 0.992963 -0.025340 4.855800 -0.101765 0.013529 0.994716 1.014100 0.000000 0.000000 0.000000 1.000000
0.989913 0.104478 0.095690 0.000000 -0.106180 0.994264 0.012859 4.855800 -0.093798 -0.022890 0.995328 1.014100 0.000000 0.000000 0.000000 1.000000
0.992680 0.084562 0.086227 0.000000 -0.087106 0.995855 0.026175 4.855800 -0.083656 -0.033494 0.995932 1.014100 0.000000 0.000000 0.000000 1.000000
0.994860 0.070982 0.072212 0.000000 -0.073136 0.996939 0.027631 4.855800 -0.070030 -0.032770 0.997007 1.014100 0.000000 0.000000 0.000000 1.000000
0.996291 0.063323 0.058268 -0.000000 -0.064833 0.997598 0.024404 4.855800 -0.056583 -0.028091 0.998003 1.014100 0.000000 0.000000 0.000000 1.000000
0.997260 0.056333 0.047949 0.000000 -0.057205 0.998217 0.017015 4.855800 -0.046905 -0.019712 0.998705 1.014100 0.000000 0.000000 0.000000 1.000000
0.997958 0.048667 0.041381 0.000000 -0.049000 0.998774 0.007080 4.855800 -0.040985 -0.009093 0.999118 1.014100 0.000000 0.000000 0.000000 1.000000
0.998399 0.042151 0.037729 -0.000000 -0.042102 0.999111 -0.002105 4.855800 -0.037784 0.000514 0.999286 1.014100 0.000000 0.000000 0.000000 1.000000
0.998661 0.037334 0.035807 0.000000 -0.037020 0.999270 -0.009399 4.855800 -0.036132 0.008061 0.999315 1.014100 0.000000 0.000000 0.000000 1.000000
0.998854 0.033195 0.034468 0.000000 -0.032661 0.999339 -0.015939 4.855800 -0.034974 0.014795 0.999279 1.014100 0.000000 0.000000 0.000000 1.000000
0.999010 0.029274 0.033510 0.000000 -0.028536 0.999344 -0.022307 4.855800 -0.034141 0.021329 0.999189 1.014100 0.000000 0.000000 0.000000 1.000000
0.999122 0.025848 0.032961 0.000000 -0.024916 0.999287 -0.028385 4.855800 -0.033672 0.027538 0.999053 1.014100 0.000000 0.000000 0.000000 1.000000
0.999183 0.023339 0.032981 -0.000000 -0.022164 0.999121 -0.035570 4.855800 -0.033782 0.034810 0.998823 1.014100 0.000000 0.000000 0.000000 1.000000
0.999203 0.021825 0.033411 -0.000000 -0.020327 0.998802 -0.044515 4.855800 -0.034343 0.043800 0.998450 1.014100 0.000000 0.000000 0.000000 1.000000
0.999186 0.021227 0.034299 0.000000 -0.019320 0.998300 -0.054991 4.855800 -0.035408 0.054284 0.997898 1.014100 0.000000 0.000000 0.000000 1.000000
0.999136 0.021479 0.035568 0.000000 -0.019069 0.997587 -0.066758 4.855800 -0.036916 0.066022 0.997135 1.014100 0.000000 0.000000 0.000000 1.000000
0.999057 0.022490 0.037151 0.000000 -0.019476 0.996637 -0.079600 4.855800 -0.038816 0.078801 0.996134 1.014100 0.000000 0.000000 0.000000 1.000000
0.998947 0.024174 0.038982 0.000000 -0.020448 0.995428 -0.093296 4.855800 -0.041059 0.092401 0.994875 1.014100 0.000000 0.000000 0.000000 1.000000
0.998809 0.026448 0.040998 0.000000 -0.021901 0.993949 -0.107633 4.855800 -0.043597 0.106607 0.993345 1.014100 0.000000 0.000000 0.000000 1.000000
0.998642 0.029223 0.043129 0.000000 -0.023749 0.992199 -0.122382 4.855800 -0.046369 0.121191 0.991546 1.014100 0.000000 0.000000 0.000000 1.000000
0.998447 0.032407 0.045306 0.000000 -0.025908 0.990187 -0.137326 4.855800 -0.049311 0.135939 0.989489 1.014100 0.000000 0.000000 0.000000 1.000000
0.998227 0.035926 0.047463 0.000000 -0.028317 0.987937 -0.152245 4.855800 -0.052360 0.150631 0.987203 1.014100 0.000000 0.000000 0.000000 1.000000
0.997978 0.039806 0.049543 0.000000 -0.031021 0.985481 -0.166927 4.855800 -0.055468 0.165053 0.984724 1.014100 0.000000 0.000000 0.000000 1.000000
0.997719 0.043703 0.051454 0.000000 -0.033710 0.982877 -0.181152 4.855800 -0.058490 0.179004 0.982108 1.014100 0.000000 0.000000 0.000000 1.000000
0.997455 0.047543 0.053142 0.000000 -0.036346 0.980188 -0.194704 4.855800 -0.061346 0.192277 0.979421 1.014100 0.000000 0.000000 0.000000 1.000000
0.997196 0.051255 0.054531 0.000000 -0.038903 0.977491 -0.207361 4.855800 -0.063932 0.204658 0.976743 1.014100 0.000000 0.000000 0.000000 1.000000
0.996957 0.054804 0.055435 0.000000 -0.041424 0.974887 -0.218812 4.855800 -0.066035 0.215850 0.974191 1.014100 0.000000 0.000000 0.000000 1.000000
0.996738 0.058022 0.056099 -0.000000 -0.043713 0.972423 -0.229091 4.855800 -0.067845 0.225891 0.971787 1.014100 0.000000 0.000000 0.000000 1.000000</float_array><technique_common><accessor source="#Neck1-Matrix-animation-output-transform-array" count="33" stride="16"><param type="float4x4"/></accessor></technique_common></source><source id="Neck1-Interpolations"><Name_array id="Neck1-Interpolations-array" count="33">
 LINEAR LINEAR LINEAR LINEAR LINEAR LINEAR LINEAR LINEAR LINEAR LINEAR LINEAR
LINEAR LINEAR LINEAR LINEAR LINEAR LINEAR LINEAR LINEAR LINEAR LINEAR LINEAR LINEAR
