<?xml version="1.0" encoding="utf-8"?>
<COLLADA xmlns="http://www.collada.org/2005/11/COLLADASchema" version="1.4.1">
  <asset><contributor><author>Mixamo</author><authoring_tool>COLLADA Mixamo exporter</authoring_tool><comments></comments></contributor><created>2019-11-04T17:49:42Z</created><modified>2019-11-04T17:49:42Z</modified><revision></revision><title></title><unit meter="0.010000"/><up_axis>Y_UP</up_axis></asset>
  <library_animations>
    <animation id="Hips-anim" name="Hips"><source id="Hips-Matrix-animation-input"><float_array id="Hips-Matrix-animation-input-array" count="121">

0.000000 0.033333 0.066667 0.100000 0.133333 0.166667 0.200000 0.233333 0.266667 0.300000 0.333333 0.366667 0.400000 0.433333 0.466667 0.500000
0.533333 0.566667 0.600000 0.633333 0.666667 0.700000 0.733333 0.766667 0.800000 0.833333 0.866667 0.900000 0.933333 0.966667 1.000000 1.033333
1.066667 1.100000 1.133333 1.166667 1.200000 1.233333 1.266667 1.300000 1.333333 1.366667 1.400000 1.433333 1.466667 1.500000 1.533333 1.566667
1.600000 1.633333 1.666667 1.700000 1.733333 1.766667 1.800000 1.833333 1.866667 1.900000 1.933333 1.966667 2.000000 2.033333 2.066667 2.100000
2.133333 2.166667 2.200000 2.233333 2.266667 2.300000 2.333333 2.366667 2.400000 2.433333 2.466667 2.500000 2.533333 2.566667 2.600000 2.633333
2.666667 2.700000 2.733333 2.766667 2.800000 2.833333 2.866667 2.900000 2.933333 2.966667 3.000000 3.033333 3.066667 3.100000 3.133333 3.166667
3.200000 3.233333 3.266667 3.300000 3.333333 3.366667 3.400000 3.433333 3.466667 3.500000 3.533333 3.566667 3.600000 3.633333 3.666667 3.700000
3.733333 3.766667 3.800000 3.833333 3.866667 3.900000 3.933333 3.966667 4.000000</float_array><technique_common><accessor source="#Hips-Matrix-animation-input-array" count="121"><param name="TIME" type="float"/></accessor></technique_common></source><source id="Hips-Matrix-animation-output-transform"><float_array id="Hips-Matrix-animation-output-transform-array" count="1936">

0.978318 0.011101 -0.206812 -0.214550 -0.044981 0.986116 -0.159850 88.970451 0.202166 0.165687 0.965234 -0.874067 0.000000 0.000000 0.000000 1.000000
0.979230 0.007252 -0.202621 -0.353969 -0.041687 0.985210 -0.166206 89.048790 0.198419 0.171201 0.965049 -0.765614 0.000000 0.000000 0.000000 1.000000
0.979891 0.004657 -0.199480 -0.477025 -0.039771 0.984226 -0.172387 89.112976 0.195531 0.176854 0.964619 -0.666988 0.000000 0.000000 0.000000 1.000000
0.979686 0.003213 -0.200510 -0.524850 -0.039512 0.983364 -0.177295 89.156250 0.196605 0.181616 0.963516 -0.565232 0.000000 0.000000 0.000000 1.000000
0.977985 0.001495 -0.208668 -0.425966 -0.039783 0.982969 -0.179411 89.181145 0.204846 0.183763 0.961389 -0.431288 0.000000 0.000000 0.000000 1.000000
0.974900 -0.001762 -0.222637 -0.165210 -0.038946 0.983201 -0.178321 89.194954 0.219211 0.182515 0.958454 -0.247517 0.000000 0.000000 0.000000 1.000000
0.971575 -0.005988 -0.236658 0.204460 -0.036635 0.983833 -0.175298 89.198296 0.233882 0.178986 0.955648 -0.022695 0.000000 0.000000 0.000000 1.000000
0.969462 -0.009302 -0.245065 0.615108 -0.034057 0.984492 -0.172094 89.184303 0.242866 0.175185 0.954110 0.223067 0.000000 0.000000 0.000000 1.000000
0.969141 -0.010353 -0.246289 1.027017 -0.032609 0.984953 -0.169720 89.148544 0.244340 0.172514 0.954221 0.477021 0.000000 0.000000 0.000000 1.000000
0.969984 -0.009341 -0.242987 1.431456 -0.032682 0.985188 -0.168333 89.096138 0.240961 0.171222 0.955312 0.737888 0.000000 0.000000 0.000000 1.000000
0.970898 -0.007543 -0.239373 1.836201 -0.033675 0.985274 -0.167633 89.039543 0.237113 0.170815 0.956347 1.010004 0.000000 0.000000 0.000000 1.000000
0.971144 -0.006244 -0.238413 2.251551 -0.034713 0.985311 -0.167205 88.990791 0.235955 0.170656 0.956662 1.295795 0.000000 0.000000 0.000000 1.000000
0.970593 -0.006037 -0.240650 2.679596 -0.035213 0.985371 -0.166744 88.956467 0.238136 0.170314 0.956182 1.590354 0.000000 0.000000 0.000000 1.000000
0.969590 -0.006682 -0.244642 3.105694 -0.035136 0.985471 -0.166171 88.935562 0.242198 0.169713 0.955268 1.880588 0.000000 0.000000 0.000000 1.000000
0.968736 -0.007290 -0.247986 3.497164 -0.034998 0.985557 -0.165689 88.923096 0.245612 0.169188 0.954489 2.149342 0.000000 0.000000 0.000000 1.000000
0.968663 -0.006685 -0.248290 3.813796 -0.035676 0.985528 -0.165717 88.914925 0.245805 0.169382 0.954405 2.381562 0.000000 0.000000 0.000000 1.000000
0.969730 -0.003990 -0.244148 4.026478 -0.037908 0.985284 -0.166667 88.909142 0.241220 0.170877 0.955308 2.568565 0.000000 0.000000 0.000000 1.000000
0.971719 0.000677 -0.236138 4.132764 -0.041655 0.984805 -0.168593 88.904404 0.232436 0.173661 0.956982 2.707890 0.000000 0.000000 0.000000 1.000000
0.973842 0.005942 -0.227148 4.157895 -0.045877 0.984213 -0.170940 88.897308 0.222546 0.176890 0.958740 2.800496 0.000000 0.000000 0.000000 1.000000
0.975173 0.009793 -0.221229 4.138761 -0.049054 0.983755 -0.172682 88.884140 0.215945 0.179247 0.959812 2.846971 0.000000 0.000000 0.000000 1.000000
0.975159 0.010796 -0.221242 4.099148 -0.050133 0.983650 -0.172972 88.864075 0.215757 0.179767 0.959757 2.845692 0.000000 0.000000 0.000000 1.000000
0.973886 0.009003 -0.226860 4.031631 -0.049136 0.983890 -0.171890 88.844971 0.221657 0.178548 0.958639 2.791554 0.000000 0.000000 0.000000 1.000000
0.972090 0.005809 -0.234537 3.900367 -0.047030 0.984227 -0.170546 88.841286 0.229847 0.176816 0.957030 2.676539 0.000000 0.000000 0.000000 1.000000
0.970869 0.002921 -0.239595 3.663081 -0.045009 0.984350 -0.170382 88.866600 0.235347 0.176202 0.955806 2.493391 0.000000 0.000000 0.000000 1.000000
0.971022 0.001294 -0.238987 3.295207 -0.043700 0.984087 -0.172228 88.924316 0.234961 0.177681 0.955627 2.241099 0.000000 0.000000 0.000000 1.000000
0.972502 0.000823 -0.232892 2.798393 -0.042918 0.983500 -0.175741 89.004303 0.228905 0.180904 0.956492 1.930260 0.000000 0.000000 0.000000 1.000000
0.974547 0.000839 -0.224180 2.193108 -0.042139 0.982854 -0.179508 89.086212 0.220186 0.184386 0.957873 1.585768 0.000000 0.000000 0.000000 1.000000
0.976348 0.000772 -0.216204 1.505393 -0.041030 0.982483 -0.181780 89.152222 0.212277 0.186351 0.959277 1.241712 0.000000 0.000000 0.000000 1.000000
0.977572 0.000482 -0.210601 0.758697 -0.039572 0.982606 -0.181438 89.194122 0.206850 0.185703 0.960587 0.926894 0.000000 0.000000 0.000000 1.000000
0.978412 0.000128 -0.206663 -0.025348 -0.037843 0.983202 -0.178557 89.213257 0.203169 0.182523 0.961981 0.649135 0.000000 0.000000 0.000000 1.000000
0.979279 -0.000144 -0.202518 -0.822319 -0.035896 0.984043 -0.174274 89.216919 0.199311 0.177932 0.963647 0.393102 0.000000 0.000000 0.000000 1.000000
0.980440 -0.000357 -0.196820 -1.604864 -0.033788 0.984849 -0.170093 89.212128 0.193898 0.173416 0.965572 0.135789 0.000000 0.000000 0.000000 1.000000
0.981873 -0.000637 -0.189540 -2.344651 -0.031610 0.985440 -0.167058 89.202690 0.186887 0.170021 0.967557 -0.132485 0.000000 0.000000 0.000000 1.000000
0.983373 -0.001054 -0.181596 -3.017257 -0.029476 0.985797 -0.165337 89.190224 0.179191 0.167941 0.969374 -0.401161 0.000000 0.000000 0.000000 1.000000
0.984709 -0.001523 -0.174201 -3.601432 -0.027568 0.985999 -0.164456 89.171928 0.172012 0.166744 0.970880 -0.650139 0.000000 0.000000 0.000000 1.000000
0.985674 -0.002162 -0.168650 -4.078547 -0.025880 0.986138 -0.163898 89.145454 0.166666 0.165915 0.971954 -0.865857 0.000000 0.000000 0.000000 1.000000
0.986004 -0.003410 -0.166686 -4.430246 -0.024221 0.986254 -0.163452 89.107376 0.164952 0.165201 0.972368 -1.042680 0.000000 0.000000 0.000000 1.000000
0.985344 -0.005951 -0.170476 -4.641619 -0.022258 0.986362 -0.163078 89.056412 0.169122 0.164482 0.971773 -1.173771 0.000000 0.000000 0.000000 1.000000
0.983335 -0.010238 -0.181516 -4.711087 -0.019749 0.986490 -0.162628 88.998772 0.180729 0.163502 0.969847 -1.245676 0.000000 0.000000 0.000000 1.000000
0.979892 -0.015848 -0.198897 -4.654786 -0.016893 0.986672 -0.161844 88.946465 0.198811 0.161950 0.966564 -1.244534 0.000000 0.000000 0.000000 1.000000
0.975637 -0.021303 -0.218356 -4.501377 -0.014405 0.986907 -0.160648 88.909142 0.218919 0.159880 0.962555 -1.168713 0.000000 0.000000 0.000000 1.000000
0.972049 -0.024705 -0.233476 -4.280306 -0.013186 0.987134 -0.159351 88.887489 0.234409 0.157976 0.959217 -1.033509 0.000000 0.000000 0.000000 1.000000
0.970758 -0.024839 -0.238770 -4.011205 -0.013749 0.987247 -0.158604 88.875900 0.239665 0.157249 0.958036 -0.862420 0.000000 0.000000 0.000000 1.000000
0.972297 -0.021903 -0.232722 -3.699531 -0.015838 0.987139 -0.159076 88.871155 0.233213 0.158355 0.959445 -0.672551 0.000000 0.000000 0.000000 1.000000
0.975651 -0.017287 -0.218647 -3.338951 -0.018598 0.986778 -0.161007 88.877388 0.218540 0.161153 0.962429 -0.467061 0.000000 0.000000 0.000000 1.000000
0.979142 -0.012644 -0.202783 -2.919376 -0.021221 0.986239 -0.163961 88.902077 0.202065 0.164844 0.965399 -0.238852 0.000000 0.000000 0.000000 1.000000
0.981564 -0.008921 -0.190927 -2.434890 -0.023540 0.985664 -0.167073 88.945488 0.189681 0.168487 0.967281 0.021224 0.000000 0.000000 0.000000 1.000000
0.982551 -0.006104 -0.185893 -1.889755 -0.025949 0.985188 -0.169503 88.998558 0.184174 0.171369 0.967839 0.318475 0.000000 0.000000 0.000000 1.000000
0.982328 -0.003656 -0.187133 -1.298321 -0.028856 0.984898 -0.170714 89.049225 0.184931 0.173097 0.967387 0.653677 0.000000 0.000000 0.000000 1.000000
0.981366 -0.001107 -0.192143 -0.678049 -0.032288 0.984813 -0.170588 89.089561 0.189414 0.173614 0.966427 1.023802 0.000000 0.000000 0.000000 1.000000
0.980163 0.001662 -0.198188 -0.041508 -0.035943 0.984874 -0.169501 89.116859 0.194908 0.173262 0.965397 1.421392 0.000000 0.000000 0.000000 1.000000
0.979091 0.004502 -0.203374 0.606561 -0.039473 0.984958 -0.168225 89.130699 0.199557 0.172736 0.964541 1.833984 0.000000 0.000000 0.000000 1.000000
0.978324 0.007168 -0.206955 1.265033 -0.042661 0.984939 -0.167558 89.130829 0.202637 0.172755 0.963895 2.246385 0.000000 0.000000 0.000000 1.000000
0.977834 0.009440 -0.209170 1.929192 -0.045416 0.984763 -0.167865 89.118805 0.204398 0.173643 0.963364 2.644543 0.000000 0.000000 0.000000 1.000000
0.977464 0.011203 -0.210803 2.585938 -0.047715 0.984472 -0.168931 89.098679 0.205638 0.175183 0.962821 3.016982 0.000000 0.000000 0.000000 1.000000
0.977061 0.012497 -0.212593 3.215033 -0.049629 0.984152 -0.170240 89.076721 0.207096 0.176886 0.962197 3.353622 0.000000 0.000000 0.000000 1.000000
0.976573 0.013531 -0.214761 3.794074 -0.051332 0.983858 -0.171429 89.059860 0.208975 0.178437 0.961504 3.644849 0.000000 0.000000 0.000000 1.000000
0.976077 0.014516 -0.216939 4.303512 -0.052979 0.983575 -0.172552 89.058487 0.210871 0.179917 0.960814 3.882965 0.000000 0.000000 0.000000 1.000000
0.975705 0.015575 -0.218534 4.725292 -0.054663 0.983231 -0.173981 89.079590 0.212160 0.181699 0.960194 4.063056 0.000000 0.000000 0.000000 1.000000
0.975536 0.016697 -0.219205 5.042803 -0.056377 0.982767 -0.176039 89.125122 0.212489 0.184090 0.959666 4.183610 0.000000 0.000000 0.000000 1.000000
0.975546 0.017818 -0.219071 5.242713 -0.058061 0.982196 -0.178664 89.190437 0.211987 0.187015 0.959212 4.245428 0.000000 0.000000 0.000000 1.000000
0.975647 0.018866 -0.218532 5.319228 -0.059607 0.981606 -0.181375 89.265793 0.211091 0.189984 0.958826 4.250731 0.000000 0.000000 0.000000 1.000000
0.975764 0.019711 -0.217935 5.278143 -0.060826 0.981117 -0.183602 89.340965 0.210201 0.192408 0.958538 4.203279 0.000000 0.000000 0.000000 1.000000
0.975875 0.020137 -0.217400 5.134071 -0.061479 0.980790 -0.185123 89.407639 0.209496 0.194023 0.958367 4.107893 0.000000 0.000000 0.000000 1.000000
0.975993 0.019961 -0.216885 4.905637 -0.061434 0.980587 -0.186211 89.459732 0.208957 0.195065 0.958273 3.970370 0.000000 0.000000 0.000000 1.000000
0.976126 0.019196 -0.216355 4.608238 -0.060803 0.980411 -0.187340 89.493294 0.208521 0.196023 0.958172 3.796892 0.000000 0.000000 0.000000 1.000000
0.976265 0.018042 -0.215826 4.251179 -0.059830 0.980212 -0.188695 89.506775 0.208150 0.197129 0.958026 3.593975 0.000000 0.000000 0.000000 1.000000
0.976412 0.016665 -0.215271 3.840775 -0.058589 0.980059 -0.189874 89.501823 0.207814 0.198008 0.957918 3.369514 0.000000 0.000000 0.000000 1.000000
0.976597 0.015029 -0.214552 3.385764 -0.056835 0.980128 -0.190049 89.481293 0.207433 0.197795 0.958044 3.132447 0.000000 0.000000 0.000000 1.000000
0.976862 0.012956 -0.213476 2.900566 -0.054189 0.980586 -0.188454 89.448166 0.206890 0.195662 0.958600 2.890270 0.000000 0.000000 0.000000 1.000000
0.977219 0.010404 -0.211977 2.402174 -0.050549 0.981464 -0.184861 89.404434 0.206124 0.191365 0.959631 2.645635 0.000000 0.000000 0.000000 1.000000
0.977621 0.007579 -0.210237 1.904856 -0.046261 0.982634 -0.179693 89.352913 0.205224 0.185398 0.960995 2.394423 0.000000 0.000000 0.000000 1.000000
0.977969 0.004833 -0.208694 1.415877 -0.041937 0.983898 -0.173740 89.298080 0.204494 0.178665 0.962425 2.130744 0.000000 0.000000 0.000000 1.000000
0.978135 0.002365 -0.207957 0.938716 -0.038049 0.985093 -0.167764 89.246582 0.204460 0.172008 0.963644 1.853619 0.000000 0.000000 0.000000 1.000000
0.977977 0.000150 -0.208715 0.478210 -0.034796 0.986121 -0.162338 89.202797 0.205794 0.166025 0.964409 1.571552 0.000000 0.000000 0.000000 1.000000
0.977368 -0.001828 -0.211537 0.043043 -0.032330 0.986925 -0.157904 89.165359 0.209060 0.161170 0.964530 1.299538 0.000000 0.000000 0.000000 1.000000
0.976302 -0.003373 -0.216387 -0.354054 -0.030888 0.987470 -0.154753 89.132080 0.214198 0.157769 0.963965 1.048614 0.000000 0.000000 0.000000 1.000000
0.974996 -0.003969 -0.222186 -0.701048 -0.030822 0.987761 -0.152898 89.105553 0.220074 0.155923 0.962941 0.820248 0.000000 0.000000 0.000000 1.000000
0.973899 -0.002983 -0.226961 -0.988459 -0.032428 0.987828 -0.152134 89.093567 0.224653 0.155523 0.961948 0.611112 0.000000 0.000000 0.000000 1.000000
0.973445 -0.000206 -0.228922 -1.202982 -0.035642 0.987668 -0.152449 89.102257 0.226131 0.156560 0.961433 0.423654 0.000000 0.000000 0.000000 1.000000
0.973681 0.003596 -0.227887 -1.317396 -0.039755 0.987227 -0.154281 89.128967 0.224421 0.159280 0.961387 0.272241 0.000000 0.000000 0.000000 1.000000
0.974152 0.006736 -0.225794 -1.289192 -0.043443 0.986483 -0.158002 89.162331 0.221678 0.163727 0.961276 0.179772 0.000000 0.000000 0.000000 1.000000
0.974218 0.007582 -0.225483 -1.075326 -0.045387 0.985589 -0.162957 89.189056 0.220998 0.168990 0.960522 0.169283 0.000000 0.000000 0.000000 1.000000
0.973527 0.005862 -0.228495 -0.656944 -0.045190 0.984875 -0.167270 89.199951 0.224058 0.173167 0.959068 0.255349 0.000000 0.000000 0.000000 1.000000
0.972255 0.003023 -0.233906 -0.056255 -0.043710 0.984653 -0.168959 89.189812 0.229805 0.174495 0.957466 0.437533 0.000000 0.000000 0.000000 1.000000
0.970928 0.001128 -0.239370 0.667118 -0.042423 0.984970 -0.167435 89.153694 0.235583 0.172723 0.956383 0.697210 0.000000 0.000000 0.000000 1.000000
0.969965 0.001273 -0.243241 1.440493 -0.042401 0.985562 -0.163923 89.085999 0.239521 0.169313 0.956014 1.002221 0.000000 0.000000 0.000000 1.000000
0.969368 0.003055 -0.245596 2.206426 -0.043753 0.986077 -0.160429 88.985123 0.241686 0.166260 0.956005 1.319661 0.000000 0.000000 0.000000 1.000000
0.968899 0.005412 -0.247397 2.936738 -0.045914 0.986333 -0.158240 88.857307 0.243159 0.164677 0.955905 1.628725 0.000000 0.000000 0.000000 1.000000
0.968424 0.007642 -0.249191 3.627081 -0.048272 0.986363 -0.157348 88.720749 0.244590 0.164408 0.955587 1.923517 0.000000 0.000000 0.000000 1.000000
0.967975 0.009711 -0.250859 4.276487 -0.050581 0.986304 -0.156991 88.593056 0.245899 0.164652 0.955209 2.203407 0.000000 0.000000 0.000000 1.000000
0.967583 0.011742 -0.252280 4.874629 -0.052761 0.986275 -0.156454 88.485443 0.246980 0.164692 0.954923 2.461980 0.000000 0.000000 0.000000 1.000000
0.967226 0.013644 -0.253552 5.401161 -0.054654 0.986337 -0.155412 88.401306 0.247967 0.164176 0.954756 2.684060 0.000000 0.000000 0.000000 1.000000
0.967012 0.015316 -0.254271 5.836232 -0.056094 0.986492 -0.153906 88.341019 0.248479 0.163092 0.954808 2.853800 0.000000 0.000000 0.000000 1.000000
0.967341 0.017040 -0.252904 6.165729 -0.057195 0.986680 -0.152287 88.306778 0.246941 0.161778 0.955431 2.960951 0.000000 0.000000 0.000000 1.000000
0.968680 0.019391 -0.247553 6.384853 -0.058388 0.986780 -0.151180 88.302132 0.241349 0.160899 0.957007 3.003706 0.000000 0.000000 0.000000 1.000000
0.971046 0.022583 -0.237821 6.498908 -0.059990 0.986673 -0.151254 88.328178 0.231236 0.161142 0.959460 2.986251 0.000000 0.000000 0.000000 1.000000
0.973795 0.025939 -0.225945 6.523125 -0.061715 0.986336 -0.152750 88.378426 0.218895 0.162691 0.962090 2.915820 0.000000 0.000000 0.000000 1.000000
0.976038 0.028208 -0.215766 6.478202 -0.062788 0.985896 -0.155134 88.438774 0.208347 0.164964 0.964043 2.800361 0.000000 0.000000 0.000000 1.000000
0.977252 0.028558 -0.210148 6.380877 -0.062634 0.985557 -0.157337 88.493378 0.202620 0.166920 0.964926 2.647146 0.000000 0.000000 0.000000 1.000000
0.977523 0.027294 -0.209052 6.233329 -0.061402 0.985455 -0.158454 88.533279 0.201687 0.167729 0.964982 2.460666 0.000000 0.000000 0.000000 1.000000
0.977393 0.025597 -0.209876 6.021235 -0.059789 0.985591 -0.158229 88.560204 0.202801 0.167200 0.964840 2.241885 0.000000 0.000000 0.000000 1.000000
0.977492 0.024564 -0.209536 5.724689 -0.058422 0.985874 -0.156969 88.583496 0.202720 0.165678 0.965119 1.989669 0.000000 0.000000 0.000000 1.000000
0.978159 0.024481 -0.206410 5.334507 -0.057439 0.986207 -0.155231 88.612106 0.199763 0.163697 0.966074 1.703883 0.000000 0.000000 0.000000 1.000000
0.979308 0.024878 -0.200841 4.861450 -0.056562 0.986513 -0.153599 88.648766 0.194311 0.161781 0.967507 1.388183 0.000000 0.000000 0.000000 1.000000
0.980608 0.025074 -0.194367 4.331659 -0.055477 0.986730 -0.152599 88.689339 0.187961 0.160423 0.968987 1.050594 0.000000 0.000000 0.000000 1.000000
0.981728 0.024681 -0.188683 3.775053 -0.054124 0.986816 -0.152527 88.726433 0.182431 0.159952 0.970121 0.701795 0.000000 0.000000 0.000000 1.000000
0.982446 0.023756 -0.185029 3.217504 -0.052711 0.986791 -0.153185 88.752998 0.178946 0.160249 0.970721 0.352672 0.000000 0.000000 0.000000 1.000000
0.982666 0.022633 -0.183999 2.679307 -0.051528 0.986755 -0.153813 88.765694 0.178080 0.160628 0.970817 0.013813 0.000000 0.000000 0.000000 1.000000
0.982402 0.021582 -0.185527 2.176506 -0.050668 0.986849 -0.153498 88.766594 0.179774 0.160197 0.970576 -0.302119 0.000000 0.000000 0.000000 1.000000
0.981776 0.020539 -0.188927 1.719420 -0.049870 0.987147 -0.151837 88.763512 0.183380 0.158492 0.970181 -0.579636 0.000000 0.000000 0.000000 1.000000
0.980996 0.019182 -0.193079 1.310277 -0.048690 0.987597 -0.149268 88.766739 0.187821 0.155832 0.969763 -0.804277 0.000000 0.000000 0.000000 1.000000
0.980276 0.017450 -0.196863 0.944872 -0.047060 0.988053 -0.146751 88.779465 0.191951 0.153120 0.969386 -0.972051 0.000000 0.000000 0.000000 1.000000
0.979704 0.016006 -0.199808 0.625643 -0.045717 0.988378 -0.144982 88.793655 0.195165 0.151174 0.969050 -1.092664 0.000000 0.000000 0.000000 1.000000
0.979141 0.015977 -0.202552 0.373864 -0.045899 0.988527 -0.143903 88.794754 0.197929 0.150199 0.968641 -1.179298 0.000000 0.000000 0.000000 1.000000
0.978342 0.017781 -0.206230 0.217310 -0.048134 0.988535 -0.143112 88.777580 0.201321 0.149939 0.967982 -1.232247 0.000000 0.000000 0.000000 1.000000
0.977351 0.020149 -0.210664 0.148837 -0.051176 0.988415 -0.142887 88.759041 0.205344 0.150431 0.967060 -1.237672 0.000000 0.000000 0.000000 1.000000
0.976674 0.020913 -0.213705 0.108161 -0.052748 0.988117 -0.144372 88.767448 0.208146 0.152276 0.966171 -1.188251 0.000000 0.000000 0.000000 1.000000
0.976744 0.019082 -0.213558 0.034622 -0.051697 0.987605 -0.148202 88.814461 0.208083 0.155795 0.965624 -1.097827 0.000000 0.000000 0.000000 1.000000
0.977416 0.015399 -0.210761 -0.080355 -0.048690 0.986918 -0.153694 88.887917 0.205637 0.160485 0.965380 -0.988280 0.000000 0.000000 0.000000 1.000000
0.978318 0.011101 -0.206812 -0.214550 -0.044981 0.986116 -0.159850 88.970451 0.202166 0.165687 0.965234 -0.874067 0.000000 0.000000 0.000000 1.000000</float_array><technique_common><accessor source="#Hips-Matrix-animation-output-transform-array" count="121" stride="16"><param type="float4x4"/></accessor></technique_common></source><source id="Hips-Interpolations"><Name_array id="Hips-Interpolations-array" count="121">
 LINEAR LINEAR LINEAR LINEAR LINEAR LINEAR LINEAR LINEAR LINEAR LINEAR LINEAR
LINEAR LINEAR LINEAR LINEAR LINEAR LINEAR LINEAR LINEAR LINEAR LINEAR LINEAR LINEAR
LINEAR LINEAR LINEAR LINEAR LINEAR LINEAR LINEAR LINEAR LINEAR LINEAR LINEAR LINEAR
LINEAR LINEAR LINEAR LINEAR LINEAR LINEAR LINEAR LINEAR LINEAR LINEAR LINEAR LINEAR
LINEAR LINEAR LINEAR LINEAR LINEAR LINEAR LINEAR LINEAR LINEAR LINEAR LINEAR LINEAR
LINEAR LINEAR LINEAR LINEAR LINEAR LINEAR LINEAR LINEAR LINEAR LINEAR LINEAR LINEAR
LINEAR LINEAR LINEAR LINEAR LINEAR LINEAR LINEAR LINEAR LINEAR LINEAR LINEAR LINEAR
LINEAR LINEAR LINEAR LINEAR LINEAR LINEAR LINEAR LINEAR LINEAR LINEAR LINEAR LINEAR
LINEAR LINEAR LINEAR LINEAR LINEAR LINEAR LINEAR LINEAR LINEAR LINEAR LINEAR LINEAR
LINEAR LINEAR LINEAR LINEAR LINEAR LINEAR LINEAR LINEAR LINEAR LINEAR LINEAR LINEAR
LINEAR LINEAR</Name_array><technique_common><accessor source="#Hips-Interpolations-array" count="121"><param type="name"/></accessor></technique_common></source><sampler id="Hips-Matrix-animation-transform"><input semantic="INPUT" source="#Hips-Matrix-animation-input"/><input semantic="OUTPUT" source="#Hips-Matrix-animation-output-transform"/><input semantic="INTERPOLATION" source="#Hips-Interpolations"/></sampler><channel source="#Hips-Matrix-animation-transform" target="Hips/matrix"/></animation>
    <animation id="Spine-anim" name="Spine"><source id="Spine-Matrix-animation-input"><float_array id="Spine-Matrix-animation-input-array" count="121">

0.000000 0.033333 0.066667 0.100000 0.133333 0.166667 0.200000 0.233333 0.266667 0.300000 0.333333 0.366667 0.400000 0.433333 0.466667 0.500000
0.533333 0.566667 0.600000 0.633333 0.666667 0.700000 0.733333 0.766667 0.800000 0.833333 0.866667 0.900000 0.933333 0.966667 1.000000 1.033333
1.066667 1.100000 1.133333 1.166667 1.200000 1.233333 1.266667 1.300000 1.333333 1.366667 1.400000 1.433333 1.466667 1.500000 1.533333 1.566667
1.600000 1.633333 1.666667 1.700000 1.733333 1.766667 1.800000 1.833333 1.866667 1.900000 1.933333 1.966667 2.000000 2.033333 2.066667 2.100000
2.133333 2.166667 2.200000 2.233333 2.266667 2.300000 2.333333 2.366667 2.400000 2.433333 2.466667 2.500000 2.533333 2.566667 2.600000 2.633333
2.666667 2.700000 2.733333 2.766667 2.800000 2.833333 2.866667 2.900000 2.933333 2.966667 3.000000 3.033333 3.066667 3.100000 3.133333 3.166667
3.200000 3.233333 3.266667 3.300000 3.333333 3.366667 3.400000 3.433333 3.466667 3.500000 3.533333 3.566667 3.600000 3.633333 3.666667 3.700000
3.733333 3.766667 3.800000 3.833333 3.866667 3.900000 3.933333 3.966667 4.000000</float_array><technique_common><accessor source="#Spine-Matrix-animation-input-array" count="121"><param name="TIME" type="float"/></accessor></technique_common></source><source id="Spine-Matrix-animation-output-transform"><float_array id="Spine-Matrix-animation-output-transform-array" count="1936">

0.999442 -0.021082 -0.025911 0.000000 0.016616 0.986671 -0.161880 10.993800 0.028978 0.161359 0.986470 0.920600 0.000000 0.000000 0.000000 1.000000
0.999391 -0.021761 -0.027267 -0.000000 0.017108 0.986876 -0.160569 10.993800 0.030404 0.160005 0.986648 0.920600 0.000000 0.000000 0.000000 1.000000
0.999341 -0.022357 -0.028607 0.000000 0.017524 0.987081 -0.159261 10.993800 0.031798 0.158655 0.986822 0.920600 0.000000 0.000000 0.000000 1.000000
0.999294 -0.022792 -0.029882 0.000000 0.017793 0.987279 -0.157999 10.993800 0.033103 0.157356 0.986987 0.920600 0.000000 0.000000 0.000000 1.000000
0.999253 -0.023013 -0.031051 0.000000 0.017870 0.987470 -0.156790 10.993800 0.034270 0.156118 0.987144 0.920600 0.000000 0.000000 0.000000 1.000000
0.999224 -0.022986 -0.031980 0.000000 0.017739 0.987655 -0.155640 10.993800 0.035163 0.154952 0.987296 0.920600 0.000000 0.000000 0.000000 1.000000
0.999216 -0.022661 -0.032473 0.000000 0.017377 0.987815 -0.154660 10.993800 0.035582 0.153974 0.987434 0.920600 0.000000 0.000000 0.000000 1.000000
0.999227 -0.022038 -0.032561 0.000000 0.016767 0.987914 -0.154090 10.993800 0.035563 0.153425 0.987520 0.920600 0.000000 0.000000 0.000000 1.000000
0.999242 -0.021250 -0.032620 -0.000000 0.015978 0.987921 -0.154130 10.993800 0.035501 0.153491 0.987512 0.920600 0.000000 0.000000 0.000000 1.000000
0.999247 -0.020479 -0.032951 -0.000000 0.015142 0.987837 -0.154755 10.993800 0.035720 0.154140 0.987403 0.920600 0.000000 0.000000 0.000000 1.000000
0.999244 -0.019801 -0.033454 0.000000 0.014358 0.987691 -0.155761 10.993800 0.036126 0.155162 0.987228 0.920600 0.000000 0.000000 0.000000 1.000000
0.999242 -0.019216 -0.033843 -0.000000 0.013677 0.987522 -0.156889 10.993800 0.036435 0.156307 0.987036 0.920600 0.000000 0.000000 0.000000 1.000000
0.999247 -0.018721 -0.033979 0.000000 0.013129 0.987368 -0.157899 10.993800 0.036506 0.157334 0.986870 0.920600 0.000000 0.000000 0.000000 1.000000
0.999255 -0.018357 -0.033953 -0.000000 0.012748 0.987262 -0.158593 10.993800 0.036432 0.158042 0.986760 0.920600 0.000000 0.000000 0.000000 1.000000
0.999257 -0.018181 -0.033977 -0.000000 0.012561 0.987225 -0.158837 10.993800 0.036431 0.158293 0.986720 0.920600 0.000000 0.000000 0.000000 1.000000
0.999247 -0.018217 -0.034271 -0.000000 0.012559 0.987263 -0.158602 10.993800 0.036724 0.158052 0.986748 0.920600 0.000000 0.000000 0.000000 1.000000
0.999219 -0.018444 -0.034957 -0.000000 0.012698 0.987361 -0.157976 10.993800 0.037429 0.157408 0.986824 0.920600 0.000000 0.000000 0.000000 1.000000
0.999175 -0.018793 -0.036000 0.000000 0.012911 0.987492 -0.157140 10.993800 0.038503 0.156546 0.986920 0.920600 0.000000 0.000000 0.000000 1.000000
0.999123 -0.019179 -0.037213 -0.000000 0.013136 0.987619 -0.156321 10.993800 0.039750 0.155695 0.987005 0.920600 0.000000 0.000000 0.000000 1.000000
0.999074 -0.019544 -0.038323 -0.000000 0.013348 0.987711 -0.155720 10.993800 0.040896 0.155065 0.987058 0.920600 0.000000 0.000000 0.000000 1.000000
0.999038 -0.019892 -0.039084 0.000000 0.013586 0.987749 -0.155460 10.993800 0.041697 0.154780 0.987069 0.920600 0.000000 0.000000 0.000000 1.000000
0.999019 -0.020305 -0.039366 0.000000 0.013946 0.987728 -0.155557 10.993800 0.042041 0.154855 0.987042 0.920600 0.000000 0.000000 0.000000 1.000000
0.999013 -0.020888 -0.039199 -0.000000 0.014532 0.987661 -0.155933 10.993800 0.041972 0.155210 0.986990 0.920600 0.000000 0.000000 0.000000 1.000000
0.999014 -0.021717 -0.038734 0.000000 0.015401 0.987564 -0.156460 10.993800 0.041650 0.155709 0.986925 0.920600 0.000000 0.000000 0.000000 1.000000
0.999012 -0.022790 -0.038165 0.000000 0.016528 0.987459 -0.157008 10.993800 0.041264 0.156222 0.986860 0.920600 0.000000 0.000000 0.000000 1.000000
0.999003 -0.024026 -0.037637 -0.000000 0.017812 0.987360 -0.157487 10.993800 0.040945 0.156660 0.986804 0.920600 0.000000 0.000000 0.000000 1.000000
0.998987 -0.025311 -0.037201 0.000000 0.019136 0.987275 -0.157868 10.993800 0.040723 0.156996 0.986759 0.920600 0.000000 0.000000 0.000000 1.000000
0.998970 -0.026524 -0.036822 0.000000 0.020381 0.987201 -0.158172 10.993800 0.040546 0.157258 0.986725 0.920600 0.000000 0.000000 0.000000 1.000000
0.998955 -0.027593 -0.036443 0.000000 0.021486 0.987131 -0.158465 10.993800 0.040346 0.157516 0.986692 0.920600 0.000000 0.000000 0.000000 1.000000
0.998943 -0.028526 -0.036035 -0.000000 0.022456 0.987050 -0.158834 10.993800 0.040099 0.157857 0.986648 0.920600 0.000000 0.000000 0.000000 1.000000
0.998933 -0.029378 -0.035640 0.000000 0.023340 0.986944 -0.159362 10.993800 0.039856 0.158360 0.986577 0.920600 0.000000 0.000000 0.000000 1.000000
0.998918 -0.030212 -0.035351 0.000000 0.024179 0.986804 -0.160106 10.993800 0.039722 0.159078 0.986467 0.920600 0.000000 0.000000 0.000000 1.000000
0.998895 -0.031056 -0.035261 0.000000 0.024989 0.986628 -0.161064 10.993800 0.039792 0.160005 0.986314 0.920600 0.000000 0.000000 0.000000 1.000000
0.998865 -0.031882 -0.035387 -0.000000 0.025740 0.986430 -0.162150 10.993800 0.040076 0.161055 0.986131 0.920600 0.000000 0.000000 0.000000 1.000000
0.998834 -0.032632 -0.035585 -0.000000 0.026407 0.986240 -0.163196 10.993800 0.040421 0.162066 0.985952 0.920600 0.000000 0.000000 0.000000 1.000000
0.998817 -0.033074 -0.035643 0.000000 0.026801 0.986099 -0.163985 10.993800 0.040571 0.162836 0.985819 0.920600 0.000000 0.000000 0.000000 1.000000
0.998834 -0.032953 -0.035276 0.000000 0.026728 0.986044 -0.164325 10.993800 0.040198 0.163191 0.985775 0.920600 0.000000 0.000000 0.000000 1.000000
0.998899 -0.032093 -0.034213 0.000000 0.026060 0.986095 -0.164126 10.993800 0.039005 0.163054 0.985846 0.920600 0.000000 0.000000 0.000000 1.000000
0.999013 -0.030439 -0.032348 0.000000 0.024758 0.986241 -0.163448 10.993800 0.036878 0.162486 0.986021 0.920600 0.000000 0.000000 0.000000 1.000000
0.999160 -0.028121 -0.029806 0.000000 0.022916 0.986443 -0.162494 10.993800 0.033971 0.161674 0.986259 0.920600 0.000000 0.000000 0.000000 1.000000
0.999313 -0.025445 -0.026944 0.000000 0.020768 0.986648 -0.161536 10.993800 0.030694 0.160865 0.986499 0.920600 0.000000 0.000000 0.000000 1.000000
0.999445 -0.022827 -0.024250 0.000000 0.018636 0.986809 -0.160810 10.993800 0.027601 0.160269 0.986687 0.920600 0.000000 0.000000 0.000000 1.000000
0.999541 -0.020640 -0.022190 0.000000 0.016817 0.986905 -0.160421 10.993800 0.025211 0.159975 0.986799 0.920600 0.000000 0.000000 0.000000 1.000000
0.999596 -0.019105 -0.021036 0.000000 0.015490 0.986948 -0.160291 10.993800 0.023824 0.159900 0.986846 0.920600 0.000000 0.000000 0.000000 1.000000
0.999618 -0.018242 -0.020759 0.000000 0.014684 0.986976 -0.160199 10.993800 0.023411 0.159832 0.986866 0.920600 0.000000 0.000000 0.000000 1.000000
0.999619 -0.017864 -0.021065 0.000000 0.014270 0.987034 -0.159876 10.993800 0.023648 0.159515 0.986912 0.920600 0.000000 0.000000 0.000000 1.000000
0.999612 -0.017706 -0.021496 0.000000 0.014063 0.987157 -0.159134 10.993800 0.024037 0.158770 0.987023 0.920600 0.000000 0.000000 0.000000 1.000000
0.999613 -0.017525 -0.021607 0.000000 0.013896 0.987350 -0.157944 10.993800 0.024101 0.157583 0.987212 0.920600 0.000000 0.000000 0.000000 1.000000
0.999630 -0.017161 -0.021127 0.000000 0.013648 0.987591 -0.156455 10.993800 0.023550 0.156108 0.987459 0.920600 0.000000 0.000000 0.000000 1.000000
0.999662 -0.016541 -0.020038 0.000000 0.013239 0.987837 -0.154931 10.993800 0.022357 0.154613 0.987722 0.920600 0.000000 0.000000 0.000000 1.000000
0.999705 -0.015659 -0.018549 0.000000 0.012625 0.988045 -0.153647 10.993800 0.020733 0.153367 0.987952 0.920600 0.000000 0.000000 0.000000 1.000000
0.999750 -0.014556 -0.016989 -0.000000 0.011791 0.988188 -0.152792 10.993800 0.019012 0.152553 0.988112 0.920600 0.000000 0.000000 0.000000 1.000000
0.999789 -0.013293 -0.015671 -0.000000 0.010751 0.988259 -0.152409 10.993800 0.017513 0.152209 0.988193 0.920600 0.000000 0.000000 0.000000 1.000000
0.999819 -0.011938 -0.014787 0.000000 0.009546 0.988272 -0.152407 10.993800 0.016433 0.152238 0.988207 0.920600 0.000000 0.000000 0.000000 1.000000
0.999841 -0.010553 -0.014372 0.000000 0.008237 0.988252 -0.152611 10.993800 0.015814 0.152469 0.988182 0.920600 0.000000 0.000000 0.000000 1.000000
0.999855 -0.009193 -0.014333 0.000000 0.006895 0.988226 -0.152848 10.993800 0.015569 0.152727 0.988146 0.920600 0.000000 0.000000 0.000000 1.000000
0.999863 -0.007928 -0.014518 -0.000000 0.005614 0.988210 -0.153004 10.993800 0.015560 0.152901 0.988119 0.920600 0.000000 0.000000 0.000000 1.000000
0.999867 -0.006804 -0.014798 -0.000000 0.004459 0.988208 -0.153050 10.993800 0.015665 0.152963 0.988108 0.920600 0.000000 0.000000 0.000000 1.000000
0.999869 -0.005872 -0.015097 0.000000 0.003493 0.988217 -0.153020 10.993800 0.015818 0.152947 0.988108 0.920600 0.000000 0.000000 0.000000 1.000000
0.999868 -0.005134 -0.015389 -0.000000 0.002720 0.988228 -0.152961 10.993800 0.015993 0.152899 0.988112 0.920600 0.000000 0.000000 0.000000 1.000000
0.999867 -0.004532 -0.015670 0.000000 0.002083 0.988240 -0.152898 10.993800 0.016179 0.152845 0.988118 0.920600 0.000000 0.000000 0.000000 1.000000
0.999865 -0.003983 -0.015919 0.000000 0.001504 0.988253 -0.152817 10.993800 0.016340 0.152772 0.988126 0.920600 0.000000 0.000000 0.000000 1.000000
0.999865 -0.003428 -0.016077 0.000000 0.000933 0.988274 -0.152685 10.993800 0.016411 0.152649 0.988144 0.920600 0.000000 0.000000 0.000000 1.000000
0.999867 -0.002846 -0.016063 -0.000000 0.000363 0.988308 -0.152472 10.993800 0.016309 0.152446 0.988177 0.920600 0.000000 0.000000 0.000000 1.000000
0.999873 -0.002240 -0.015804 0.000000 -0.000191 0.988354 -0.152175 10.993800 0.015961 0.152159 0.988227 0.920600 0.000000 0.000000 0.000000 1.000000
0.999882 -0.001623 -0.015272 -0.000000 -0.000714 0.988406 -0.151834 10.993800 0.015341 0.151827 0.988288 0.920600 0.000000 0.000000 0.000000 1.000000
0.999894 -0.001014 -0.014498 0.000000 -0.001195 0.988452 -0.151531 10.993800 0.014485 0.151532 0.988346 0.920600 0.000000 0.000000 0.000000 1.000000
0.999908 -0.000427 -0.013576 0.000000 -0.001633 0.988476 -0.151366 10.993800 0.013485 0.151374 0.988385 0.920600 0.000000 0.000000 0.000000 1.000000
0.999920 0.000108 -0.012633 -0.000000 -0.002020 0.988465 -0.151439 10.993800 0.012471 0.151453 0.988386 0.920600 0.000000 0.000000 0.000000 1.000000
0.999930 0.000554 -0.011792 0.000000 -0.002338 0.988405 -0.151821 10.993800 0.011571 0.151838 0.988338 0.920600 0.000000 0.000000 0.000000 1.000000
0.999938 0.000852 -0.011122 0.000000 -0.002539 0.988295 -0.152534 10.993800 0.010862 0.152553 0.988236 0.920600 0.000000 0.000000 0.000000 1.000000
0.999943 0.000933 -0.010620 -0.000000 -0.002553 0.988138 -0.153546 10.993800 0.010351 0.153564 0.988084 0.920600 0.000000 0.000000 0.000000 1.000000
0.999948 0.000702 -0.010191 -0.000000 -0.002271 0.987947 -0.154774 10.993800 0.009960 0.154789 0.987897 0.920600 0.000000 0.000000 0.000000 1.000000
0.999953 0.000121 -0.009715 0.000000 -0.001636 0.987741 -0.156096 10.993800 0.009577 0.156104 0.987694 0.920600 0.000000 0.000000 0.000000 1.000000
0.999958 -0.000764 -0.009106 -0.000000 -0.000678 0.987540 -0.157364 10.993800 0.009113 0.157364 0.987499 0.920600 0.000000 0.000000 0.000000 1.000000
0.999963 -0.001890 -0.008337 0.000000 0.000545 0.987370 -0.158429 10.993800 0.008531 0.158418 0.987335 0.920600 0.000000 0.000000 0.000000 1.000000
0.999967 -0.003159 -0.007504 0.000000 0.001925 0.987252 -0.159155 10.993800 0.007911 0.159135 0.987225 0.920600 0.000000 0.000000 0.000000 1.000000
0.999967 -0.004497 -0.006808 0.000000 0.003354 0.987201 -0.159447 10.993800 0.007438 0.159419 0.987183 0.920600 0.000000 0.000000 0.000000 1.000000
0.999962 -0.005880 -0.006511 0.000000 0.004768 0.987223 -0.159274 10.993800 0.007364 0.159237 0.987213 0.920600 0.000000 0.000000 0.000000 1.000000
0.999950 -0.007332 -0.006853 0.000000 0.006152 0.987309 -0.158695 10.993800 0.007930 0.158645 0.987304 0.920600 0.000000 0.000000 0.000000 1.000000
0.999929 -0.008888 -0.007967 0.000000 0.007520 0.987433 -0.157860 10.993800 0.009270 0.157788 0.987429 0.920600 0.000000 0.000000 0.000000 1.000000
0.999896 -0.010540 -0.009827 0.000000 0.008867 0.987560 -0.156989 10.993800 0.011359 0.156886 0.987551 0.920600 0.000000 0.000000 0.000000 1.000000
0.999850 -0.012212 -0.012245 0.000000 0.010148 0.987655 -0.156317 10.993800 0.014003 0.156169 0.987631 0.920600 0.000000 0.000000 0.000000 1.000000
0.999794 -0.013772 -0.014926 0.000000 0.011276 0.987690 -0.156015 10.993800 0.016891 0.155814 0.987642 0.920600 0.000000 0.000000 0.000000 1.000000
0.999732 -0.015077 -0.017546 0.000000 0.012154 0.987661 -0.156138 10.993800 0.019683 0.155883 0.987579 0.920600 0.000000 0.000000 0.000000 1.000000
0.999675 -0.015993 -0.019839 0.000000 0.012692 0.987581 -0.156594 10.993800 0.022097 0.156291 0.987464 0.920600 0.000000 0.000000 0.000000 1.000000
0.999631 -0.016390 -0.021664 0.000000 0.012785 0.987489 -0.157171 10.993800 0.023969 0.156836 0.987334 0.920600 0.000000 0.000000 0.000000 1.000000
0.999605 -0.016161 -0.023013 0.000000 0.012336 0.987425 -0.157608 10.993800 0.025270 0.157262 0.987234 0.920600 0.000000 0.000000 0.000000 1.000000
0.999596 -0.015282 -0.023953 -0.000000 0.011317 0.987424 -0.157688 10.993800 0.026061 0.157353 0.987198 0.920600 0.000000 0.000000 0.000000 1.000000
0.999603 -0.013780 -0.024588 -0.000000 0.009744 0.987499 -0.157326 10.993800 0.026449 0.157024 0.987241 0.920600 0.000000 0.000000 0.000000 1.000000
0.999618 -0.011787 -0.025004 0.000000 0.007729 0.987631 -0.156607 10.993800 0.026541 0.156354 0.987344 0.920600 0.000000 0.000000 0.000000 1.000000
0.999636 -0.009503 -0.025269 0.000000 0.005453 0.987781 -0.155752 10.993800 0.026441 0.155558 0.987473 0.920600 0.000000 0.000000 0.000000 1.000000
0.999650 -0.007183 -0.025451 -0.000000 0.003152 0.987905 -0.155028 10.993800 0.026257 0.154893 0.987582 0.920600 0.000000 0.000000 0.000000 1.000000
0.999659 -0.005104 -0.025625 -0.000000 0.001080 0.987970 -0.154644 10.993800 0.026106 0.154564 0.987638 0.920600 0.000000 0.000000 0.000000 1.000000
0.999659 -0.003529 -0.025864 0.000000 -0.000515 0.987964 -0.154683 10.993800 0.026098 0.154644 0.987626 0.920600 0.000000 0.000000 0.000000 1.000000
0.999653 -0.002655 -0.026194 -0.000000 -0.001440 0.987900 -0.155086 10.993800 0.026289 0.155070 0.987554 0.920600 0.000000 0.000000 0.000000 1.000000
0.999644 -0.002547 -0.026574 -0.000000 -0.001623 0.987802 -0.155707 10.993800 0.026647 0.155695 0.987446 0.920600 0.000000 0.000000 0.000000 1.000000
0.999633 -0.003110 -0.026896 0.000000 -0.001135 0.987696 -0.156382 10.993800 0.027051 0.156355 0.987330 0.920600 0.000000 0.000000 0.000000 1.000000
0.999626 -0.004137 -0.027022 -0.000000 -0.000156 0.987599 -0.156998 10.993800 0.027337 0.156943 0.987229 0.920600 0.000000 0.000000 0.000000 1.000000
0.999625 -0.005415 -0.026856 -0.000000 0.001117 0.987517 -0.157510 10.993800 0.027374 0.157421 0.987152 0.920600 0.000000 0.000000 0.000000 1.000000
0.999628 -0.006796 -0.026399 0.000000 0.002542 0.987446 -0.157936 10.993800 0.027141 0.157810 0.987096 0.920600 0.000000 0.000000 0.000000 1.000000
0.999634 -0.008237 -0.025768 0.000000 0.004055 0.987380 -0.158318 10.993800 0.026746 0.158156 0.987052 0.920600 0.000000 0.000000 0.000000 1.000000
0.999636 -0.009758 -0.025154 -0.000000 0.005645 0.987313 -0.158687 10.993800 0.026383 0.158487 0.987009 0.920600 0.000000 0.000000 0.000000 1.000000
0.999629 -0.011388 -0.024743 -0.000000 0.007310 0.987242 -0.159056 10.993800 0.026239 0.158816 0.986959 0.920600 0.000000 0.000000 0.000000 1.000000
0.999611 -0.013100 -0.024637 -0.000000 0.009007 0.987168 -0.159432 10.993800 0.026410 0.159148 0.986901 0.920600 0.000000 0.000000 0.000000 1.000000
0.999583 -0.014779 -0.024814 -0.000000 0.010627 0.987087 -0.159834 10.993800 0.026856 0.159504 0.986832 0.920600 0.000000 0.000000 0.000000 1.000000
0.999552 -0.016238 -0.025137 -0.000000 0.012003 0.986995 -0.160301 10.993800 0.027413 0.159928 0.986748 0.920600 0.000000 0.000000 0.000000 1.000000
0.999528 -0.017277 -0.025417 0.000000 0.012967 0.986888 -0.160887 10.993800 0.027863 0.160481 0.986646 0.920600 0.000000 0.000000 0.000000 1.000000
0.999517 -0.017775 -0.025480 -0.000000 0.013428 0.986759 -0.161634 10.993800 0.028015 0.161214 0.986522 0.920600 0.000000 0.000000 0.000000 1.000000
0.999524 -0.017753 -0.025240 0.000000 0.013419 0.986608 -0.162556 10.993800 0.027787 0.162140 0.986376 0.920600 0.000000 0.000000 0.000000 1.000000
0.999543 -0.017382 -0.024732 0.000000 0.013106 0.986437 -0.163619 10.993800 0.027241 0.163220 0.986214 0.920600 0.000000 0.000000 0.000000 1.000000
0.999566 -0.016931 -0.024092 0.000000 0.012735 0.986255 -0.164741 10.993800 0.026550 0.164363 0.986043 0.920600 0.000000 0.000000 0.000000 1.000000
0.999586 -0.016700 -0.023437 0.000000 0.012587 0.986078 -0.165808 10.993800 0.025880 0.165445 0.985879 0.920600 0.000000 0.000000 0.000000 1.000000
