<?xml version="1.0" encoding="utf-8"?>
<COLLADA xmlns="http://www.collada.org/2005/11/COLLADASchema" version="1.4.1">
  <asset><contributor><author>Mixamo</author><authoring_tool>COLLADA Mixamo exporter</authoring_tool><comments></comments></contributor><created>2019-12-08T17:38:32Z</created><modified>2019-12-08T17:38:32Z</modified><revision></revision><title></title><unit meter="0.010000"/><up_axis>Y_UP</up_axis></asset>
  <library_animations>
    <animation id="mixamorig12_Hips-anim" name="mixamorig12_Hips"><source id="mixamorig12_Hips-Matrix-animation-input"><float_array id="mixamorig12_Hips-Matrix-animation-input-array" count="80">

0.000000 0.033333 0.066667 0.100000 0.133333 0.166667 0.200000 0.233333 0.266667 0.300000 0.333333 0.366667 0.400000 0.433333 0.466667 0.500000
0.533333 0.566667 0.600000 0.633333 0.666667 0.700000 0.733333 0.766667 0.800000 0.833333 0.866667 0.900000 0.933333 0.966667 1.000000 1.033333
1.066667 1.100000 1.133333 1.166667 1.200000 1.233333 1.266667 1.300000 1.333333 1.366667 1.400000 1.433333 1.466667 1.500000 1.533333 1.566667
1.600000 1.633333 1.666667 1.700000 1.733333 1.766667 1.800000 1.833333 1.866667 1.900000 1.933333 1.966667 2.000000 2.033333 2.066667 2.100000
2.133333 2.166667 2.200000 2.233333 2.266667 2.300000 2.333333 2.366667 2.400000 2.433333 2.466667 2.500000 2.533333 2.566667 2.600000 2.633333</float_array><technique_common><accessor source="#mixamorig12_Hips-Matrix-animation-input-array" count="80"><param name="TIME" type="float"/></accessor></technique_common></source><source id="mixamorig12_Hips-Matrix-animation-output-transform"><float_array id="mixamorig12_Hips-Matrix-animation-output-transform-array" count="1280">

0.946059 -0.007439 -0.323908 0.438317 -0.058237 0.979549 -0.192592 90.797302 0.318716 0.201066 0.926279 -1.444168 0.000000 0.000000 0.000000 1.000000
0.948258 -0.004748 -0.317464 0.171989 -0.060919 0.978590 -0.196597 91.244057 0.311600 0.205765 0.927667 -1.561888 0.000000 0.000000 0.000000 1.000000
0.950160 -0.004382 -0.311733 -0.114042 -0.061205 0.977821 -0.200298 91.645233 0.305697 0.209395 0.928818 -1.698553 0.000000 0.000000 0.000000 1.000000
0.950792 -0.005382 -0.309783 -0.523177 -0.059608 0.977993 -0.199943 92.024979 0.304042 0.208570 0.929547 -1.952669 0.000000 0.000000 0.000000 1.000000
0.948199 -0.008428 -0.317566 -1.055344 -0.055192 0.980075 -0.190804 92.326721 0.312847 0.198447 0.928841 -2.227597 0.000000 0.000000 0.000000 1.000000
0.940069 -0.017242 -0.340549 -1.691647 -0.043662 0.984412 -0.170369 92.454765 0.338178 0.175028 0.924662 -2.399481 0.000000 0.000000 0.000000 1.000000
0.924197 -0.031809 -0.380590 -2.344181 -0.023802 0.989791 -0.140522 92.360878 0.381175 0.138929 0.914005 -2.328964 0.000000 0.000000 0.000000 1.000000
0.900513 -0.046811 -0.432302 -2.904441 0.002848 0.994802 -0.101788 92.045448 0.434820 0.090430 0.895966 -1.905865 0.000000 0.000000 0.000000 1.000000
0.866688 -0.060175 -0.495208 -3.333478 0.032390 0.997391 -0.064510 91.579834 0.497798 0.039870 0.866376 -1.058723 0.000000 0.000000 0.000000 1.000000
0.804801 -0.067193 -0.589729 -3.926669 0.056636 0.997732 -0.036388 91.065063 0.590837 -0.004115 0.806781 0.097193 0.000000 0.000000 0.000000 1.000000
0.723873 -0.075489 -0.685791 -4.629071 0.081867 0.996372 -0.023263 90.755859 0.685059 -0.039305 0.727427 1.711621 0.000000 0.000000 0.000000 1.000000
0.677774 -0.105480 -0.727665 -4.760045 0.110917 0.992999 -0.040631 90.740555 0.726856 -0.053172 0.684729 3.490047 0.000000 0.000000 0.000000 1.000000
0.642815 -0.137584 -0.753564 -4.788810 0.144002 0.987904 -0.057530 90.830795 0.752364 -0.071534 0.654852 5.170621 0.000000 0.000000 0.000000 1.000000
0.607666 -0.158940 -0.778126 -4.828376 0.172383 0.982808 -0.066129 90.730530 0.775259 -0.093952 0.624617 6.611502 0.000000 0.000000 0.000000 1.000000
0.577517 -0.177030 -0.796953 -4.844545 0.196723 0.977616 -0.074605 90.528992 0.792322 -0.113694 0.599416 7.857294 0.000000 0.000000 0.000000 1.000000
0.558186 -0.195206 -0.806426 -4.763180 0.217521 0.972364 -0.084812 90.408630 0.800695 -0.128074 0.585222 8.865372 0.000000 0.000000 0.000000 1.000000
0.546573 -0.211019 -0.810388 -4.622028 0.231406 0.968108 -0.096014 90.264618 0.804804 -0.135050 0.577973 9.555109 0.000000 0.000000 0.000000 1.000000
0.538300 -0.221300 -0.813178 -4.425970 0.234166 0.966187 -0.107929 90.099449 0.809567 -0.132321 0.571920 10.014007 0.000000 0.000000 0.000000 1.000000
0.536582 -0.227529 -0.812595 -4.114888 0.229600 0.965999 -0.118871 90.074142 0.812012 -0.122787 0.570578 10.398664 0.000000 0.000000 0.000000 1.000000
0.544983 -0.231566 -0.805836 -3.657881 0.221515 0.966721 -0.127989 90.164825 0.808656 -0.108753 0.578141 10.738437 0.000000 0.000000 0.000000 1.000000
0.569322 -0.231084 -0.788969 -3.116620 0.208442 0.968898 -0.133372 90.238968 0.795251 -0.088523 0.599783 11.017356 0.000000 0.000000 0.000000 1.000000
0.621678 -0.220596 -0.751568 -2.651342 0.189437 0.973382 -0.129004 90.389465 0.760020 -0.062176 0.646918 11.212314 0.000000 0.000000 0.000000 1.000000
0.704608 -0.198055 -0.681397 -2.388407 0.167551 0.979543 -0.111456 90.809807 0.689532 -0.035636 0.723378 11.289891 0.000000 0.000000 0.000000 1.000000
0.805626 -0.165027 -0.568975 -2.192473 0.140599 0.986239 -0.086974 91.453209 0.575499 -0.009929 0.817742 11.352733 0.000000 0.000000 0.000000 1.000000
0.903666 -0.125821 -0.409338 -2.047236 0.107220 0.991895 -0.068184 92.119621 0.414599 0.017726 0.909831 11.394936 0.000000 0.000000 0.000000 1.000000
0.973383 -0.089487 -0.210991 -2.131194 0.077000 0.994798 -0.066691 93.022934 0.215862 0.048670 0.975210 11.062994 0.000000 0.000000 0.000000 1.000000
0.998175 -0.059851 -0.008039 -2.257317 0.059078 0.995404 -0.075365 93.929123 0.012512 0.074752 0.997124 10.060196 0.000000 0.000000 0.000000 1.000000
0.986897 -0.029402 0.158652 -2.018189 0.043826 0.995139 -0.088195 94.340279 -0.155288 0.093992 0.983388 8.581532 0.000000 0.000000 0.000000 1.000000
0.961794 0.014961 0.273365 -1.578143 0.016997 0.993317 -0.114163 94.119972 -0.273246 0.114447 0.955112 6.857313 0.000000 0.000000 0.000000 1.000000
0.937744 0.065418 0.341110 -1.341659 -0.013707 0.988308 -0.151854 93.519066 -0.347056 0.137725 0.927677 5.216451 0.000000 0.000000 0.000000 1.000000
0.924021 0.092205 0.371058 -1.623021 -0.015995 0.978958 -0.203432 93.060394 -0.382008 0.182040 0.906053 4.227201 0.000000 0.000000 0.000000 1.000000
0.916785 0.098928 0.386934 -2.302924 0.006251 0.965163 -0.261576 92.673897 -0.399332 0.242228 0.884228 3.914193 0.000000 0.000000 0.000000 1.000000
0.903360 0.110235 0.414474 -3.053115 0.023590 0.952169 -0.304660 91.763474 -0.428233 0.284995 0.857551 3.907552 0.000000 0.000000 0.000000 1.000000
0.878758 0.130108 0.459191 -3.779763 0.029035 0.945769 -0.323540 90.227547 -0.476384 0.297646 0.827324 4.054850 0.000000 0.000000 0.000000 1.000000
0.852757 0.153233 0.499324 -4.507068 0.027848 0.941298 -0.336425 88.463875 -0.521564 0.300795 0.798432 4.432226 0.000000 0.000000 0.000000 1.000000
0.835696 0.187996 0.516013 -5.149806 0.013853 0.932071 -0.362011 86.797806 -0.549017 0.309679 0.776324 4.880582 0.000000 0.000000 0.000000 1.000000
0.826639 0.226966 0.514931 -5.705775 -0.004975 0.917967 -0.396625 85.256119 -0.562711 0.325304 0.759957 5.131540 0.000000 0.000000 0.000000 1.000000
0.825755 0.252730 0.504238 -6.167955 -0.018343 0.905554 -0.423835 84.048073 -0.563731 0.340735 0.752401 5.167175 0.000000 0.000000 0.000000 1.000000
0.835071 0.257917 0.485938 -6.411339 -0.027587 0.901815 -0.431241 83.379311 -0.549451 0.346710 0.760195 5.045856 0.000000 0.000000 0.000000 1.000000
0.853863 0.242732 0.460433 -6.418365 -0.029347 0.905647 -0.423016 83.430717 -0.519669 0.347685 0.780422 4.709105 0.000000 0.000000 0.000000 1.000000
0.877780 0.217479 0.426854 -6.288209 -0.024974 0.910580 -0.412578 83.951515 -0.478412 0.351492 0.804721 4.103801 0.000000 0.000000 0.000000 1.000000
0.904883 0.189444 0.381179 -6.163440 -0.025865 0.918317 -0.394999 84.479568 -0.424874 0.347569 0.835870 3.193547 0.000000 0.000000 0.000000 1.000000
0.931324 0.168081 0.323086 -6.255842 -0.040107 0.929070 -0.367724 84.865784 -0.361977 0.329512 0.872006 2.017883 0.000000 0.000000 0.000000 1.000000
0.953845 0.151795 0.259110 -6.534746 -0.058996 0.940746 -0.333939 85.344330 -0.294447 0.303240 0.906282 0.781526 0.000000 0.000000 0.000000 1.000000
0.974056 0.127803 0.186766 -6.505717 -0.068211 0.952695 -0.296173 86.099037 -0.215783 0.275750 0.936696 -0.287843 0.000000 0.000000 0.000000 1.000000
0.989255 0.102617 0.104137 -6.390430 -0.072102 0.962072 -0.263095 87.007851 -0.127185 0.252759 0.959133 -1.239398 0.000000 0.000000 0.000000 1.000000
0.996621 0.080038 0.018461 -6.754275 -0.073376 0.968526 -0.237851 87.977196 -0.036917 0.235693 0.971126 -2.267450 0.000000 0.000000 0.000000 1.000000
0.995816 0.063111 -0.066091 -7.245746 -0.075902 0.973972 -0.213584 89.023270 0.050891 0.217706 0.974687 -3.203044 0.000000 0.000000 0.000000 1.000000
0.988269 0.050359 -0.144180 -7.679069 -0.076974 0.979635 -0.185448 89.966721 0.131905 0.194371 0.972019 -3.988820 0.000000 0.000000 0.000000 1.000000
0.975971 0.037647 -0.214624 -8.156238 -0.072770 0.984725 -0.158183 90.816254 0.205390 0.170000 0.963802 -4.663077 0.000000 0.000000 0.000000 1.000000
0.961343 0.020890 -0.274559 -8.701158 -0.060264 0.988906 -0.135769 91.636780 0.268677 0.147067 0.951937 -5.246736 0.000000 0.000000 0.000000 1.000000
0.946186 0.003178 -0.323607 -9.096525 -0.043801 0.992008 -0.118326 92.264076 0.320645 0.126132 0.938764 -5.601019 0.000000 0.000000 0.000000 1.000000
0.930829 -0.013186 -0.365218 -9.238333 -0.027220 0.994072 -0.105266 92.606171 0.364441 0.107926 0.924951 -5.685206 0.000000 0.000000 0.000000 1.000000
0.914890 -0.028694 -0.402682 -9.266543 -0.010932 0.995344 -0.095761 92.783752 0.403555 0.092012 0.910317 -5.617312 0.000000 0.000000 0.000000 1.000000
0.898670 -0.041612 -0.436648 -9.258239 0.003305 0.996104 -0.088126 92.900063 0.438614 0.077753 0.895306 -5.433196 0.000000 0.000000 0.000000 1.000000
0.883593 -0.052779 -0.465272 -9.241085 0.015681 0.996405 -0.083249 92.983315 0.467993 0.066262 0.881245 -5.197047 0.000000 0.000000 0.000000 1.000000
0.869947 -0.063381 -0.489056 -9.172853 0.026665 0.996301 -0.081687 92.972168 0.492425 0.058023 0.868419 -4.986746 0.000000 0.000000 0.000000 1.000000
0.857210 -0.072284 -0.509869 -8.962683 0.036261 0.996115 -0.080255 92.873611 0.513690 0.050307 0.856500 -4.788593 0.000000 0.000000 0.000000 1.000000
0.847048 -0.079041 -0.525607 -8.628506 0.042769 0.995810 -0.080826 92.751457 0.529793 0.045984 0.846879 -4.583841 0.000000 0.000000 0.000000 1.000000
0.840251 -0.084590 -0.535559 -8.225950 0.045012 0.995228 -0.086573 92.567657 0.540327 0.048637 0.840049 -4.377028 0.000000 0.000000 0.000000 1.000000
0.836780 -0.089620 -0.540156 -7.754328 0.044646 0.994397 -0.095822 92.329475 0.545717 0.056066 0.836092 -4.161821 0.000000 0.000000 0.000000 1.000000
0.838106 -0.093687 -0.537402 -7.212695 0.042864 0.993406 -0.106335 92.095764 0.543821 0.066085 0.836595 -3.953997 0.000000 0.000000 0.000000 1.000000
0.844351 -0.096064 -0.527109 -6.607465 0.039922 0.992341 -0.116901 91.863106 0.534301 0.077662 0.841719 -3.752605 0.000000 0.000000 0.000000 1.000000
0.852837 -0.096960 -0.513096 -5.959774 0.035508 0.991103 -0.128270 91.627571 0.520969 0.091174 0.848693 -3.551854 0.000000 0.000000 0.000000 1.000000
0.862041 -0.097351 -0.497401 -5.319288 0.029277 0.989306 -0.142886 91.399750 0.505992 0.108611 0.855673 -3.391476 0.000000 0.000000 0.000000 1.000000
0.872251 -0.097350 -0.479272 -4.692798 0.023176 0.987115 -0.158323 91.154839 0.488509 0.126990 0.863268 -3.241729 0.000000 0.000000 0.000000 1.000000
0.882436 -0.094974 -0.460746 -4.002340 0.016942 0.985190 -0.170630 90.904388 0.470128 0.142764 0.870976 -3.030386 0.000000 0.000000 0.000000 1.000000
0.891952 -0.088478 -0.443388 -3.247702 0.008480 0.983767 -0.179252 90.679672 0.452051 0.156124 0.878223 -2.772833 0.000000 0.000000 0.000000 1.000000
0.901150 -0.079607 -0.426136 -2.527679 -0.000131 0.982945 -0.183901 90.408302 0.433508 0.165778 0.885770 -2.487651 0.000000 0.000000 0.000000 1.000000
0.909449 -0.071207 -0.409673 -1.852591 -0.006759 0.982567 -0.185788 90.120529 0.415760 0.171734 0.893113 -2.169546 0.000000 0.000000 0.000000 1.000000
0.916666 -0.063953 -0.394504 -1.145915 -0.011547 0.982463 -0.186097 89.965256 0.399488 0.175144 0.899852 -1.816261 0.000000 0.000000 0.000000 1.000000
0.922916 -0.057025 -0.380756 -0.471557 -0.015783 0.982535 -0.185408 89.880447 0.384679 0.177126 0.905897 -1.455029 0.000000 0.000000 0.000000 1.000000
0.928141 -0.050521 -0.368785 0.047639 -0.019328 0.982869 -0.183290 89.761757 0.371727 0.177247 0.911264 -1.139640 0.000000 0.000000 0.000000 1.000000
0.932831 -0.046134 -0.357350 0.447920 -0.021184 0.983031 -0.182210 89.675514 0.359692 0.177542 0.916024 -0.917813 0.000000 0.000000 0.000000 1.000000
0.936808 -0.043017 -0.347188 0.736108 -0.022438 0.982980 -0.182337 89.585411 0.349123 0.178605 0.919898 -0.821326 0.000000 0.000000 0.000000 1.000000
0.939448 -0.038894 -0.340477 0.937019 -0.025286 0.982963 -0.182057 89.585724 0.341757 0.179642 0.922459 -0.833565 0.000000 0.000000 0.000000 1.000000
0.940826 -0.035180 -0.337060 0.991110 -0.029522 0.982308 -0.184929 89.743828 0.337602 0.183937 0.923142 -0.955245 0.000000 0.000000 0.000000 1.000000
0.943209 -0.026177 -0.331167 0.903309 -0.039659 0.980888 -0.190490 89.982246 0.329824 0.192806 0.924144 -1.111091 0.000000 0.000000 0.000000 1.000000
0.944846 -0.016594 -0.327094 0.686697 -0.049308 0.980125 -0.192155 90.341393 0.323782 0.197686 0.925249 -1.292412 0.000000 0.000000 0.000000 1.000000
0.946059 -0.007439 -0.323908 0.438321 -0.058237 0.979549 -0.192592 90.797272 0.318716 0.201066 0.926279 -1.444221 0.000000 0.000000 0.000000 1.000000</float_array><technique_common><accessor source="#mixamorig12_Hips-Matrix-animation-output-transform-array" count="80" stride="16"><param type="float4x4"/></accessor></technique_common></source><source id="mixamorig12_Hips-Interpolations"><Name_array id="mixamorig12_Hips-Interpolations-array" count="80">
 LINEAR LINEAR LINEAR LINEAR LINEAR LINEAR LINEAR LINEAR LINEAR LINEAR LINEAR
LINEAR LINEAR LINEAR LINEAR LINEAR LINEAR LINEAR LINEAR LINEAR LINEAR LINEAR LINEAR
LINEAR LINEAR LINEAR LINEAR LINEAR LINEAR LINEAR LINEAR LINEAR LINEAR LINEAR LINEAR
LINEAR LINEAR LINEAR LINEAR LINEAR LINEAR LINEAR LINEAR LINEAR LINEAR LINEAR LINEAR
LINEAR LINEAR LINEAR LINEAR LINEAR LINEAR LINEAR LINEAR LINEAR LINEAR LINEAR LINEAR
LINEAR LINEAR LINEAR LINEAR LINEAR LINEAR LINEAR LINEAR LINEAR LINEAR LINEAR LINEAR
LINEAR LINEAR LINEAR LINEAR LINEAR LINEAR LINEAR LINEAR LINEAR</Name_array><technique_common><accessor source="#mixamorig12_Hips-Interpolations-array" count="80"><param type="name"/></accessor></technique_common></source><sampler id="mixamorig12_Hips-Matrix-animation-transform"><input semantic="INPUT" source="#mixamorig12_Hips-Matrix-animation-input"/><input semantic="OUTPUT" source="#mixamorig12_Hips-Matrix-animation-output-transform"/><input semantic="INTERPOLATION" source="#mixamorig12_Hips-Interpolations"/></sampler><channel source="#mixamorig12_Hips-Matrix-animation-transform" target="mixamorig12_Hips/matrix"/></animation>
    <animation id="mixamorig12_Spine-anim" name="mixamorig12_Spine"><source id="mixamorig12_Spine-Matrix-animation-input"><float_array id="mixamorig12_Spine-Matrix-animation-input-array" count="80">

0.000000 0.033333 0.066667 0.100000 0.133333 0.166667 0.200000 0.233333 0.266667 0.300000 0.333333 0.366667 0.400000 0.433333 0.466667 0.500000
0.533333 0.566667 0.600000 0.633333 0.666667 0.700000 0.733333 0.766667 0.800000 0.833333 0.866667 0.900000 0.933333 0.966667 1.000000 1.033333
1.066667 1.100000 1.133333 1.166667 1.200000 1.233333 1.266667 1.300000 1.333333 1.366667 1.400000 1.433333 1.466667 1.500000 1.533333 1.566667
1.600000 1.633333 1.666667 1.700000 1.733333 1.766667 1.800000 1.833333 1.866667 1.900000 1.933333 1.966667 2.000000 2.033333 2.066667 2.100000
2.133333 2.166667 2.200000 2.233333 2.266667 2.300000 2.333333 2.366667 2.400000 2.433333 2.466667 2.500000 2.533333 2.566667 2.600000 2.633333</float_array><technique_common><accessor source="#mixamorig12_Spine-Matrix-animation-input-array" count="80"><param name="TIME" type="float"/></accessor></technique_common></source><source id="mixamorig12_Spine-Matrix-animation-output-transform"><float_array id="mixamorig12_Spine-Matrix-animation-output-transform-array" count="1280">

0.999482 -0.029016 -0.013951 -0.000000 0.029895 0.997265 0.067591 10.052400 0.011952 -0.067973 0.997616 -1.105100 0.000000 0.000000 0.000000 1.000000
0.999580 -0.027586 -0.008920 -0.000000 0.028145 0.997142 0.070110 10.052400 0.006961 -0.070331 0.997499 -1.105100 0.000000 0.000000 0.000000 1.000000
0.999636 -0.026931 -0.001310 0.000000 0.026955 0.996912 0.073759 10.052400 -0.000680 -0.073768 0.997275 -1.105100 0.000000 0.000000 0.000000 1.000000
0.999545 -0.028925 0.008516 0.000000 0.028166 0.996499 0.078721 10.052400 -0.010763 -0.078446 0.996860 -1.105100 0.000000 0.000000 0.000000 1.000000
0.999272 -0.035288 0.014472 0.000000 0.033906 0.995663 0.086631 10.052400 -0.017466 -0.086077 0.996135 -1.105100 0.000000 0.000000 0.000000 1.000000
0.998889 -0.045652 0.011728 -0.000000 0.044254 0.993996 0.100068 10.052400 -0.016226 -0.099438 0.994911 -1.105100 0.000000 0.000000 0.000000 1.000000
0.998528 -0.053487 0.009050 0.000000 0.052019 0.991420 0.119917 10.052400 -0.015387 -0.119270 0.992743 -1.105100 0.000000 0.000000 0.000000 1.000000
0.998345 -0.057425 0.003140 0.000000 0.056420 0.988523 0.140142 10.052400 -0.011151 -0.139733 0.990126 -1.105100 0.000000 0.000000 0.000000 1.000000
0.997845 -0.062132 -0.021077 -0.000000 0.064722 0.984844 0.160914 10.052400 0.010760 -0.161931 0.986743 -1.105100 0.000000 0.000000 0.000000 1.000000
0.996111 -0.069334 -0.054362 0.000000 0.078325 0.979414 0.186048 10.052400 0.040343 -0.189582 0.981036 -1.105100 0.000000 0.000000 0.000000 1.000000
0.992089 -0.083038 -0.094149 0.000000 0.101496 0.971924 0.212280 10.052400 0.073878 -0.220156 0.972663 -1.105100 0.000000 0.000000 0.000000 1.000000
0.986975 -0.095148 -0.129719 0.000000 0.123029 0.965964 0.227548 10.052400 0.103653 -0.240543 0.965088 -1.105100 0.000000 0.000000 0.000000 1.000000
0.982749 -0.104535 -0.152567 -0.000000 0.138984 0.961680 0.236336 10.052400 0.122016 -0.253464 0.959619 -1.105100 0.000000 0.000000 0.000000 1.000000
0.979151 -0.109358 -0.171186 -0.000000 0.148723 0.959954 0.237423 10.052400 0.138367 -0.257932 0.956204 -1.105100 0.000000 0.000000 0.000000 1.000000
0.974560 -0.115427 -0.192117 0.000000 0.159511 0.959364 0.232758 10.052400 0.157444 -0.257482 0.953370 -1.105100 0.000000 0.000000 0.000000 1.000000
0.969213 -0.125971 -0.211559 0.000000 0.173554 0.958994 0.224075 10.052400 0.174657 -0.253894 0.951332 -1.105100 0.000000 0.000000 0.000000 1.000000
0.964730 -0.129844 -0.228991 -0.000000 0.180685 0.959234 0.217307 10.052400 0.191440 -0.251018 0.948863 -1.105100 0.000000 0.000000 0.000000 1.000000
0.961701 -0.126475 -0.243178 0.000000 0.180279 0.960145 0.213591 10.052400 0.206472 -0.249250 0.946173 -1.105100 0.000000 0.000000 0.000000 1.000000
0.959940 -0.125909 -0.250325 0.000000 0.180941 0.960666 0.210670 10.052400 0.213953 -0.247525 0.944963 -1.105100 0.000000 0.000000 0.000000 1.000000
0.959530 -0.127269 -0.251205 0.000000 0.182254 0.960686 0.209444 10.052400 0.214674 -0.246751 0.945002 -1.105100 0.000000 0.000000 0.000000 1.000000
0.960012 -0.126271 -0.249864 -0.000000 0.181308 0.960474 0.211226 10.052400 0.213316 -0.248082 0.944961 -1.105100 0.000000 0.000000 0.000000 1.000000
0.961039 -0.123982 -0.247049 0.000000 0.179453 0.959652 0.216483 10.052400 0.210241 -0.252382 0.944511 -1.105100 0.000000 0.000000 0.000000 1.000000
0.963178 -0.116358 -0.242383 0.000000 0.172784 0.958579 0.226434 10.052400 0.205996 -0.259976 0.943387 -1.105100 0.000000 0.000000 0.000000 1.000000
0.966796 -0.104930 -0.233015 -0.000000 0.161132 0.958020 0.237139 10.052400 0.198350 -0.266811 0.943117 -1.105100 0.000000 0.000000 0.000000 1.000000
0.974898 -0.091883 -0.202807 0.000000 0.141523 0.958917 0.245863 10.052400 0.171885 -0.268393 0.947851 -1.105100 0.000000 0.000000 0.000000 1.000000
0.986585 -0.069360 -0.147781 0.000000 0.105612 0.961472 0.253805 10.052400 0.124483 -0.266008 0.955899 -1.105100 0.000000 0.000000 0.000000 1.000000
0.995939 -0.043072 -0.079053 0.000000 0.061511 0.966755 0.248194 10.052400 0.065735 -0.252049 0.965479 -1.105100 0.000000 0.000000 0.000000 1.000000
0.999386 -0.034521 -0.006016 -0.000000 0.034992 0.974051 0.223607 10.052400 -0.001859 -0.223680 0.974661 -1.105100 0.000000 0.000000 0.000000 1.000000
0.996950 -0.054740 0.055634 0.000000 0.042529 0.978694 0.200871 10.052400 -0.065445 -0.197892 0.978037 -1.105100 0.000000 0.000000 0.000000 1.000000
0.990106 -0.097289 0.101114 0.000000 0.076531 0.978406 0.192003 10.052400 -0.117610 -0.182365 0.976172 -1.105100 0.000000 0.000000 0.000000 1.000000
0.981905 -0.129745 0.137948 0.000000 0.103714 0.977902 0.181522 10.052400 -0.158451 -0.163930 0.973663 -1.105100 0.000000 0.000000 0.000000 1.000000
0.977233 -0.131426 0.166561 0.000000 0.104234 0.981164 0.162642 10.052400 -0.184799 -0.141578 0.972525 -1.105100 0.000000 0.000000 0.000000 1.000000
0.972520 -0.132188 0.191654 -0.000000 0.105539 0.984053 0.143179 10.052400 -0.207524 -0.119018 0.970963 -1.105100 0.000000 0.000000 0.000000 1.000000
0.961261 -0.146569 0.233441 0.000000 0.119827 0.984899 0.124961 10.052400 -0.248231 -0.092148 0.964308 -1.105100 0.000000 0.000000 0.000000 1.000000
0.953292 -0.154507 0.259543 0.000000 0.133363 0.986279 0.097300 10.052400 -0.271016 -0.058142 0.960817 -1.105100 0.000000 0.000000 0.000000 1.000000
0.961906 -0.141031 0.234197 0.000000 0.132145 0.989797 0.053292 10.052400 -0.239323 -0.020314 0.970727 -1.105100 0.000000 0.000000 0.000000 1.000000
0.974816 -0.115755 0.190614 0.000000 0.116296 0.993179 0.008384 10.052400 -0.190285 0.013995 0.981629 -1.105100 0.000000 0.000000 0.000000 1.000000
0.985408 -0.086613 0.146524 0.000000 0.092049 0.995280 -0.030723 10.052400 -0.143171 0.043762 0.988730 -1.105100 0.000000 0.000000 0.000000 1.000000
0.994336 -0.052623 0.092341 -0.000000 0.058835 0.996091 -0.065891 10.052400 -0.088513 0.070950 0.993545 -1.105100 0.000000 0.000000 0.000000 1.000000
0.998852 -0.019319 0.043829 0.000000 0.023067 0.995969 -0.086686 10.052400 -0.041978 0.087598 0.995271 -1.105100 0.000000 0.000000 0.000000 1.000000
0.999844 0.002805 0.017437 0.000000 -0.001307 0.996348 -0.085371 10.052400 -0.017613 0.085335 0.996197 -1.105100 0.000000 0.000000 0.000000 1.000000
0.999882 0.013485 0.007347 0.000000 -0.012949 0.997560 -0.068606 10.052400 -0.008254 0.068503 0.997617 -1.105100 0.000000 0.000000 0.000000 1.000000
0.999898 0.014219 0.000903 0.000000 -0.014166 0.998949 -0.043591 10.052400 -0.001522 0.043574 0.999049 -1.105100 0.000000 0.000000 0.000000 1.000000
0.999973 0.007165 -0.001769 0.000000 -0.007196 0.999806 -0.018345 10.052400 0.001637 0.018357 0.999830 -1.105100 0.000000 0.000000 0.000000 1.000000
0.999944 -0.001278 0.010469 0.000000 0.001273 0.999999 0.000480 10.052400 -0.010470 -0.000467 0.999945 -1.105100 0.000000 0.000000 0.000000 1.000000
0.999614 -0.008419 0.026490 0.000000 0.007921 0.999791 0.018836 10.052400 -0.026643 -0.018619 0.999472 -1.105100 0.000000 0.000000 0.000000 1.000000
0.999685 -0.008862 0.023498 0.000000 0.008003 0.999304 0.036424 10.052400 -0.023805 -0.036225 0.999060 -1.105100 0.000000 0.000000 0.000000 1.000000
0.999878 -0.015033 0.004304 0.000000 0.014796 0.998617 0.050452 10.052400 -0.005056 -0.050382 0.998717 -1.105100 0.000000 0.000000 0.000000 1.000000
0.999486 -0.026804 -0.017600 0.000000 0.027835 0.997739 0.061178 10.052400 0.015920 -0.061637 0.997972 -1.105100 0.000000 0.000000 0.000000 1.000000
0.998742 -0.033660 -0.037156 0.000000 0.036127 0.997040 0.067861 10.052400 0.034762 -0.069118 0.997003 -1.105100 0.000000 0.000000 0.000000 1.000000
0.998061 -0.031678 -0.053585 0.000000 0.035554 0.996699 0.072980 10.052400 0.051097 -0.074744 0.995893 -1.105100 0.000000 0.000000 0.000000 1.000000
0.997303 -0.031557 -0.066264 0.000000 0.036718 0.996264 0.078170 10.052400 0.063550 -0.080392 0.994735 -1.105100 0.000000 0.000000 0.000000 1.000000
0.996447 -0.038243 -0.075040 0.000000 0.044476 0.995537 0.083230 10.052400 0.071522 -0.086271 0.993701 -1.105100 0.000000 0.000000 0.000000 1.000000
0.995613 -0.046181 -0.081381 0.000000 0.053385 0.994627 0.088696 10.052400 0.076848 -0.092651 0.992729 -1.105100 0.000000 0.000000 0.000000 1.000000
0.994594 -0.054229 -0.088554 0.000000 0.062551 0.993597 0.094083 10.052400 0.082885 -0.099114 0.991618 -1.105100 0.000000 0.000000 0.000000 1.000000
0.993439 -0.060813 -0.096859 0.000000 0.070440 0.992562 0.099289 10.052400 0.090101 -0.105461 0.990333 -1.105100 0.000000 0.000000 0.000000 1.000000
0.992618 -0.065102 -0.102327 -0.000000 0.075777 0.991670 0.104154 10.052400 0.094694 -0.111140 0.989283 -1.105100 0.000000 0.000000 0.000000 1.000000
0.992341 -0.067440 -0.103493 0.000000 0.078507 0.991167 0.106882 10.052400 0.095371 -0.114188 0.988871 -1.105100 0.000000 0.000000 0.000000 1.000000
0.992337 -0.068283 -0.102979 0.000000 0.079350 0.991032 0.107511 10.052400 0.094715 -0.114859 0.988856 -1.105100 0.000000 0.000000 0.000000 1.000000
0.992306 -0.070219 -0.101969 0.000000 0.081131 0.990929 0.107137 10.052400 0.093521 -0.114585 0.989002 -1.105100 0.000000 0.000000 0.000000 1.000000
0.992176 -0.073627 -0.100831 0.000000 0.084335 0.990738 0.106422 10.052400 0.092061 -0.114093 0.989195 -1.105100 0.000000 0.000000 0.000000 1.000000
0.992168 -0.076345 -0.098864 0.000000 0.086764 0.990597 0.105780 10.052400 0.089858 -0.113529 0.989463 -1.105100 0.000000 0.000000 0.000000 1.000000
0.992337 -0.078552 -0.095375 0.000000 0.088496 0.990531 0.104957 10.052400 0.086227 -0.112593 0.989893 -1.105100 0.000000 0.000000 0.000000 1.000000
0.992534 -0.081023 -0.091172 0.000000 0.090367 0.990515 0.103511 10.052400 0.081921 -0.110977 0.990441 -1.105100 0.000000 0.000000 0.000000 1.000000
0.992778 -0.082052 -0.087512 0.000000 0.090941 0.990520 0.102952 10.052400 0.078235 -0.110167 0.990829 -1.105100 0.000000 0.000000 0.000000 1.000000
0.993219 -0.080054 -0.084307 0.000000 0.088654 0.990643 0.103764 10.052400 0.075212 -0.110534 0.991022 -1.105100 0.000000 0.000000 0.000000 1.000000
0.993457 -0.078812 -0.082658 0.000000 0.087163 0.990872 0.102835 10.052400 0.073799 -0.109367 0.991258 -1.105100 0.000000 0.000000 0.000000 1.000000
0.993531 -0.079952 -0.080649 0.000000 0.087850 0.991135 0.099664 10.052400 0.071966 -0.106105 0.991747 -1.105100 0.000000 0.000000 0.000000 1.000000
0.994104 -0.078863 -0.074415 0.000000 0.085843 0.991692 0.095801 10.052400 0.066241 -0.101624 0.992615 -1.105100 0.000000 0.000000 0.000000 1.000000
0.995017 -0.074909 -0.065805 0.000000 0.080804 0.992472 0.092035 10.052400 0.058415 -0.096894 0.993579 -1.105100 0.000000 0.000000 0.000000 1.000000
0.995741 -0.072536 -0.056900 0.000000 0.077350 0.993154 0.087533 10.052400 0.050161 -0.091561 0.994535 -1.105100 0.000000 0.000000 0.000000 1.000000
0.996261 -0.071624 -0.048310 0.000000 0.075443 0.993730 0.082519 10.052400 0.042096 -0.085855 0.995418 -1.105100 0.000000 0.000000 0.000000 1.000000
0.996854 -0.068315 -0.040194 0.000000 0.071281 0.994426 0.077686 10.052400 0.034663 -0.080306 0.996167 -1.105100 0.000000 0.000000 0.000000 1.000000
0.997412 -0.062721 -0.035147 0.000000 0.065159 0.995190 0.073148 10.052400 0.030390 -0.075249 0.996702 -1.105100 0.000000 0.000000 0.000000 1.000000
0.997868 -0.056103 -0.033347 -0.000000 0.058301 0.995906 0.069079 10.052400 0.029335 -0.070876 0.997054 -1.105100 0.000000 0.000000 0.000000 1.000000
0.998192 -0.050989 -0.031817 -0.000000 0.052986 0.996449 0.065431 10.052400 0.028367 -0.066998 0.997350 -1.105100 0.000000 0.000000 0.000000 1.000000
0.998471 -0.047329 -0.028566 0.000000 0.049082 0.996730 0.064184 10.052400 0.025435 -0.065488 0.997529 -1.105100 0.000000 0.000000 0.000000 1.000000
0.998957 -0.039986 -0.022025 0.000000 0.041364 0.996951 0.066170 10.052400 0.019312 -0.067012 0.997565 -1.105100 0.000000 0.000000 0.000000 1.000000
0.999291 -0.033367 -0.017464 -0.000000 0.034466 0.997163 0.066915 10.052400 0.015182 -0.067469 0.997606 -1.105100 0.000000 0.000000 0.000000 1.000000
0.999482 -0.029016 -0.013951 0.000000 0.029895 0.997265 0.067592 10.052400 0.011952 -0.067974 0.997616 -1.105100 0.000000 0.000000 0.000000 1.000000</float_array><technique_common><accessor source="#mixamorig12_Spine-Matrix-animation-output-transform-array" count="80" stride="16"><param type="float4x4"/></accessor></technique_common></source><source id="mixamorig12_Spine-Interpolations"><Name_array id="mixamorig12_Spine-Interpolations-array" count="80">
 LINEAR LINEAR LINEAR LINEAR LINEAR LINEAR LINEAR LINEAR LINEAR LINEAR LINEAR
LINEAR LINEAR LINEAR LINEAR LINEAR LINEAR LINEAR LINEAR LINEAR LINEAR LINEAR LINEAR
LINEAR LINEAR LINEAR LINEAR LINEAR LINEAR LINEAR LINEAR LINEAR LINEAR LINEAR LINEAR
LINEAR LINEAR LINEAR LINEAR LINEAR LINEAR LINEAR LINEAR LINEAR LINEAR LINEAR LINEAR
LINEAR LINEAR LINEAR LINEAR LINEAR LINEAR LINEAR LINEAR LINEAR LINEAR LINEAR LINEAR
LINEAR LINEAR LINEAR LINEAR LINEAR LINEAR LINEAR LINEAR LINEAR LINEAR LINEAR LINEAR
LINEAR LINEAR LINEAR LINEAR LINEAR LINEAR LINEAR LINEAR LINEAR</Name_array><technique_common><accessor source="#mixamorig12_Spine-Interpolations-array" count="80"><param type="name"/></accessor></technique_common></source><sampler id="mixamorig12_Spine-Matrix-animation-transform"><input semantic="INPUT" source="#mixamorig12_Spine-Matrix-animation-input"/><input semantic="OUTPUT" source="#mixamorig12_Spine-Matrix-animation-output-transform"/><input semantic="INTERPOLATION" source="#mixamorig12_Spine-Interpolations"/></sampler><channel source="#mixamorig12_Spine-Matrix-animation-transform" target="mixamorig12_Spine/matrix"/></animation>
    <animation id="mixamorig12_Spine1-anim" name="mixamorig12_Spine1"><source id="mixamorig12_Spine1-Matrix-animation-input"><float_array id="mixamorig12_Spine1-Matrix-animation-input-array" count="80">

0.000000 0.033333 0.066667 0.100000 0.133333 0.166667 0.200000 0.233333 0.266667 0.300000 0.333333 0.366667 0.400000 0.433333 0.466667 0.500000
0.533333 0.566667 0.600000 0.633333 0.666667 0.700000 0.733333 0.766667 0.800000 0.833333 0.866667 0.900000 0.933333 0.966667 1.000000 1.033333
1.066667 1.100000 1.133333 1.166667 1.200000 1.233333 1.266667 1.300000 1.333333 1.366667 1.400000 1.433333 1.466667 1.500000 1.533333 1.566667
1.600000 1.633333 1.666667 1.700000 1.733333 1.766667 1.800000 1.833333 1.866667 1.900000 1.933333 1.966667 2.000000 2.033333 2.066667 2.100000
2.133333 2.166667 2.200000 2.233333 2.266667 2.300000 2.333333 2.366667 2.400000 2.433333 2.466667 2.500000 2.533333 2.566667 2.600000 2.633333</float_array><technique_common><accessor source="#mixamorig12_Spine1-Matrix-animation-input-array" count="80"><param name="TIME" type="float"/></accessor></technique_common></source><source id="mixamorig12_Spine1-Matrix-animation-output-transform"><float_array id="mixamorig12_Spine1-Matrix-animation-output-transform-array" count="1280">

0.999458 -0.023386 -0.023168 0.000000 0.020183 0.991311 -0.129983 11.798400 0.026007 0.129445 0.991246 0.000000 0.000000 0.000000 0.000000 1.000000
0.999571 -0.021889 -0.019450 -0.000000 0.019231 0.991635 -0.127635 11.798400 0.022081 0.127206 0.991630 -0.000000 0.000000 0.000000 0.000000 1.000000
0.999693 -0.020595 -0.013767 0.000000 0.018730 0.992095 -0.124084 11.798400 0.016214 0.123788 0.992176 0.000000 0.000000 0.000000 0.000000 1.000000
0.999778 -0.020041 -0.006540 0.000000 0.019118 0.992669 -0.119345 11.798400 0.008884 0.119193 0.992831 0.000000 0.000000 0.000000 0.000000 1.000000
0.999753 -0.022115 -0.002167 0.000000 0.021730 0.993399 -0.112630 11.798400 0.004644 0.112555 0.993635 0.000000 0.000000 0.000000 0.000000 1.000000
0.999599 -0.028050 -0.003992 0.000000 0.027494 0.994360 -0.102428 11.798400 0.006843 0.102277 0.994732 0.000000 0.000000 0.000000 0.000000 1.000000
0.999413 -0.033804 -0.005566 -0.000000 0.033189 0.995620 -0.087406 11.798400 0.008497 0.087170 0.996157 0.000000 0.000000 0.000000 0.000000 1.000000
0.999202 -0.038793 -0.009523 0.000000 0.037999 0.996622 -0.072805 11.798400 0.012315 0.072385 0.997301 -0.000000 0.000000 0.000000 0.000000 1.000000
0.998507 -0.047321 -0.027274 0.000000 0.045623 0.997165 -0.059845 11.798400 0.030029 0.058512 0.997835 0.000000 0.000000 0.000000 0.000000 1.000000
0.996840 -0.059933 -0.052140 0.000000 0.057671 0.997371 -0.043865 11.798400 0.054632 0.040720 0.997676 -0.000000 0.000000 0.000000 0.000000 1.000000
0.993784 -0.075723 -0.081604 0.000000 0.073937 0.996957 -0.024701 11.798400 0.083226 0.018514 0.996359 0.000000 0.000000 0.000000 0.000000 1.000000
0.990413 -0.086758 -0.107493 0.000000 0.086129 0.996229 -0.010495 11.798400 0.107998 0.001136 0.994150 0.000000 0.000000 0.000000 0.000000 1.000000
0.987881 -0.093595 -0.123816 0.000000 0.094232 0.995550 -0.000713 11.798400 0.123332 -0.010963 0.992305 -0.000000 0.000000 0.000000 0.000000 1.000000
0.985706 -0.097830 -0.137157 0.000000 0.098983 0.995088 0.001591 11.798400 0.136327 -0.015144 0.990548 0.000000 0.000000 0.000000 0.000000 1.000000
0.982908 -0.103808 -0.152038 0.000000 0.104937 0.994479 -0.000601 11.798400 0.151261 -0.015364 0.988374 -0.000000 0.000000 0.000000 0.000000 1.000000
0.979912 -0.111219 -0.165536 -0.000000 0.112006 0.993697 -0.004608 11.798400 0.165005 -0.014026 0.986193 0.000000 0.000000 0.000000 0.000000 1.000000
0.977399 -0.113648 -0.178254 -0.000000 0.114193 0.993432 -0.007238 11.798400 0.177906 -0.013281 0.983958 0.000000 0.000000 0.000000 0.000000 1.000000
0.975443 -0.112776 -0.189187 0.000000 0.113114 0.993541 -0.009046 11.798400 0.188985 -0.012576 0.981899 0.000000 0.000000 0.000000 0.000000 1.000000
0.974109 -0.115026 -0.194630 -0.000000 0.115023 0.993298 -0.011354 11.798400 0.194632 -0.011327 0.980811 0.000000 0.000000 0.000000 0.000000 1.000000
0.973579 -0.118315 -0.195310 -0.000000 0.118118 0.992918 -0.012697 11.798400 0.195429 -0.010708 0.980659 0.000000 0.000000 0.000000 0.000000 1.000000
0.973552 -0.119601 -0.194661 0.000000 0.119611 0.992751 -0.011744 11.798400 0.194654 -0.011850 0.980800 0.000000 0.000000 0.000000 0.000000 1.000000
0.973793 -0.119628 -0.193431 -0.000000 0.120353 0.992699 -0.008042 11.798400 0.192981 -0.015449 0.981081 0.000000 0.000000 0.000000 0.000000 1.000000
0.974597 -0.115404 -0.191942 -0.000000 0.117432 0.993081 -0.000817 11.798400 0.190708 -0.021743 0.981406 -0.000000 0.000000 0.000000 0.000000 1.000000
0.976663 -0.104846 -0.187449 0.000000 0.108070 0.994118 0.007038 11.798400 0.185609 -0.027131 0.982249 -0.000000 0.000000 0.000000 0.000000 1.000000
0.982004 -0.088609 -0.166785 0.000000 0.091898 0.995695 0.012090 11.798400 0.164996 -0.027199 0.985919 0.000000 0.000000 0.000000 0.000000 1.000000
0.989602 -0.066076 -0.127761 0.000000 0.068356 0.997569 0.013540 11.798400 0.126556 -0.022132 0.991713 0.000000 0.000000 0.000000 0.000000 1.000000
0.995987 -0.043918 -0.077979 0.000000 0.044286 0.999014 0.002999 11.798400 0.077770 -0.006441 0.996951 0.000000 0.000000 0.000000 0.000000 1.000000
0.999128 -0.035368 -0.022173 0.000000 0.034934 0.999197 -0.019635 11.798400 0.022849 0.018844 0.999561 -0.000000 0.000000 0.000000 0.000000 1.000000
0.998501 -0.047286 0.027547 -0.000000 0.048280 0.998164 -0.036588 11.798400 -0.025767 0.037863 0.998951 0.000000 0.000000 0.000000 0.000000 1.000000
0.995273 -0.071376 0.065850 0.000000 0.074041 0.996494 -0.038950 11.798400 -0.062839 0.043642 0.997069 0.000000 0.000000 0.000000 0.000000 1.000000
0.991797 -0.084276 0.096107 0.000000 0.088594 0.995200 -0.041567 11.798400 -0.092143 0.049740 0.994503 -0.000000 0.000000 0.000000 0.000000 1.000000
0.990362 -0.074383 0.116838 0.000000 0.081122 0.995240 -0.054011 11.798400 -0.112264 0.062969 0.991681 0.000000 0.000000 0.000000 0.000000 1.000000
0.988644 -0.067509 0.134257 0.000000 0.077678 0.994375 -0.072003 11.798400 -0.128641 0.081614 0.988327 0.000000 0.000000 0.000000 0.000000 1.000000
0.983551 -0.072207 0.165568 -0.000000 0.088376 0.991787 -0.092458 11.798400 -0.157532 0.105570 0.981855 0.000000 0.000000 0.000000 0.000000 1.000000
0.979915 -0.075343 0.184634 0.000000 0.098440 0.987967 -0.119294 11.798400 -0.173425 0.135073 0.975540 -0.000000 0.000000 0.000000 0.000000 1.000000
0.984416 -0.065740 0.163106 0.000000 0.091113 0.983967 -0.153320 11.798400 -0.150412 0.165792 0.974623 0.000000 0.000000 0.000000 0.000000 1.000000
0.990606 -0.048990 0.127672 0.000000 0.072179 0.980296 -0.183877 11.798400 -0.116148 0.191365 0.974623 -0.000000 0.000000 0.000000 0.000000 1.000000
0.995254 -0.029779 0.092640 0.000000 0.048738 0.976553 -0.209685 11.798400 -0.084224 0.213205 0.973370 0.000000 0.000000 0.000000 0.000000 1.000000
0.998691 -0.007782 0.050562 0.000000 0.019441 0.971946 -0.234398 11.798400 -0.047320 0.235074 0.970825 0.000000 0.000000 0.000000 0.000000 1.000000
0.999817 0.012752 0.014235 0.000000 -0.008770 0.967906 -0.251160 11.798400 -0.016981 0.250989 0.967841 0.000000 0.000000 0.000000 0.000000 1.000000
0.999663 0.025517 -0.004763 0.000000 -0.025892 0.967160 -0.252846 11.798400 -0.001846 0.252884 0.967495 0.000000 0.000000 0.000000 0.000000 1.000000
0.999490 0.029746 -0.011610 0.000000 -0.031675 0.969577 -0.242728 11.798400 0.004036 0.242972 0.970025 0.000000 0.000000 0.000000 0.000000 1.000000
0.999507 0.026802 -0.016371 -0.000000 -0.029809 0.973709 -0.225836 11.798400 0.009888 0.226212 0.974028 -0.000000 0.000000 0.000000 0.000000 1.000000
0.999633 0.019244 -0.019045 0.000000 -0.022793 0.977790 -0.208342 11.798400 0.014613 0.208700 0.977870 0.000000 0.000000 0.000000 0.000000 1.000000
0.999882 0.011483 -0.010184 0.000000 -0.013242 0.980891 -0.194108 11.798400 0.007761 0.194220 0.980927 0.000000 0.000000 0.000000 0.000000 1.000000
0.999986 0.004879 0.002246 0.000000 -0.004402 0.984060 -0.177784 11.798400 -0.003077 0.177772 0.984067 0.000000 0.000000 0.000000 0.000000 1.000000
0.999999 -0.000308 0.001224 -0.000000 0.000504 0.986598 -0.163169 11.798400 -0.001157 0.163169 0.986597 0.000000 0.000000 0.000000 0.000000 1.000000
0.999893 -0.007406 -0.012629 0.000000 0.005390 0.988235 -0.152847 11.798400 0.013612 0.152763 0.988169 0.000000 0.000000 0.000000 0.000000 1.000000
0.999451 -0.015891 -0.029081 0.000000 0.011542 0.989502 -0.144054 11.798400 0.031064 0.143640 0.989142 -0.000000 0.000000 0.000000 0.000000 1.000000
0.998823 -0.021675 -0.043387 0.000000 0.015487 0.990284 -0.138198 11.798400 0.045961 0.137363 0.989454 0.000000 0.000000 0.000000 0.000000 1.000000
0.998203 -0.024130 -0.054857 -0.000000 0.016581 0.990828 -0.134107 11.798400 0.057590 0.132957 0.989447 0.000000 0.000000 0.000000 0.000000 1.000000
0.997591 -0.027700 -0.063604 0.000000 0.019256 0.991362 -0.129732 11.798400 0.066648 0.128194 0.989507 0.000000 0.000000 0.000000 0.000000 1.000000
0.997024 -0.033069 -0.069644 0.000000 0.024187 0.991898 -0.124717 11.798400 0.073204 0.122661 0.989745 0.000000 0.000000 0.000000 0.000000 1.000000
0.996530 -0.038360 -0.073874 0.000000 0.029364 0.992432 -0.119231 11.798400 0.077888 0.116648 0.990115 0.000000 0.000000 0.000000 0.000000 1.000000
0.995927 -0.043992 -0.078700 0.000000 0.034840 0.992858 -0.114098 11.798400 0.083157 0.110891 0.990347 0.000000 0.000000 0.000000 0.000000 1.000000
0.995210 -0.049179 -0.084493 0.000000 0.039787 0.993196 -0.109447 11.798400 0.089301 0.105561 0.990395 -0.000000 0.000000 0.000000 0.000000 1.000000
0.994682 -0.053067 -0.088274 -0.000000 0.043647 0.993470 -0.105411 11.798400 0.093292 0.100997 0.990503 -0.000000 0.000000 0.000000 0.000000 1.000000
0.994493 -0.055645 -0.088811 -0.000000 0.046352 0.993552 -0.103470 11.798400 0.093996 0.098783 0.990660 0.000000 0.000000 0.000000 0.000000 1.000000
0.994452 -0.057447 -0.088122 -0.000000 0.048235 0.993478 -0.103316 11.798400 0.093483 0.098492 0.990737 -0.000000 0.000000 0.000000 0.000000 1.000000
0.994431 -0.059314 -0.087118 0.000000 0.050172 0.993351 -0.103617 11.798400 0.092685 0.098669 0.990795 0.000000 0.000000 0.000000 0.000000 1.000000
