<?xml version="1.0" encoding="utf-8"?>
<COLLADA xmlns="http://www.collada.org/2005/11/COLLADASchema" version="1.4.1">
  <asset><contributor><author>Mixamo</author><authoring_tool>COLLADA Mixamo exporter</authoring_tool><comments></comments></contributor><created>2019-12-09T12:19:33Z</created><modified>2019-12-09T12:19:33Z</modified><revision></revision><title></title><unit meter="0.010000"/><up_axis>Y_UP</up_axis></asset>
  <library_animations>
    <animation id="Hips-anim" name="Hips"><source id="Hips-Matrix-animation-input"><float_array id="Hips-Matrix-animation-input-array" count="116">

0.000000 0.033333 0.066667 0.100000 0.133333 0.166667 0.200000 0.233333 0.266667 0.300000 0.333333 0.366667 0.400000 0.433333 0.466667 0.500000
0.533333 0.566667 0.600000 0.633333 0.666667 0.700000 0.733333 0.766667 0.800000 0.833333 0.866667 0.900000 0.933333 0.966667 1.000000 1.033333
1.066667 1.100000 1.133333 1.166667 1.200000 1.233333 1.266667 1.300000 1.333333 1.366667 1.400000 1.433333 1.466667 1.500000 1.533333 1.566667
1.600000 1.633333 1.666667 1.700000 1.733333 1.766667 1.800000 1.833333 1.866667 1.900000 1.933333 1.966667 2.000000 2.033333 2.066667 2.100000
2.133333 2.166667 2.200000 2.233333 2.266667 2.300000 2.333333 2.366667 2.400000 2.433333 2.466667 2.500000 2.533333 2.566667 2.600000 2.633333
2.666667 2.700000 2.733333 2.766667 2.800000 2.833333 2.866667 2.900000 2.933333 2.966667 3.000000 3.033333 3.066667 3.100000 3.133333 3.166667
3.200000 3.233333 3.266667 3.300000 3.333333 3.366667 3.400000 3.433333 3.466667 3.500000 3.533333 3.566667 3.600000 3.633333 3.666667 3.700000
3.733333 3.766667 3.800000 3.833333</float_array><technique_common><accessor source="#Hips-Matrix-animation-input-array" count="116"><param name="TIME" type="float"/></accessor></technique_common></source><source id="Hips-Matrix-animation-output-transform"><float_array id="Hips-Matrix-animation-output-transform-array" count="1856">

0.957961 -0.036690 -0.284543 9.116828 -0.050934 0.954286 -0.294524 87.846687 0.282342 0.296636 0.912300 -4.558081 0.000000 0.000000 0.000000 1.000000
0.955841 -0.035849 -0.291688 9.269692 -0.051832 0.956410 -0.287392 87.980858 0.289276 0.289820 0.912318 -4.643034 0.000000 0.000000 0.000000 1.000000
0.954116 -0.035297 -0.297350 9.485013 -0.051686 0.958709 -0.279652 88.246826 0.294943 0.282190 0.912895 -4.766540 0.000000 0.000000 0.000000 1.000000
0.952813 -0.035153 -0.301516 9.786708 -0.050341 0.961221 -0.271145 88.636627 0.299355 0.273529 0.914094 -4.940841 0.000000 0.000000 0.000000 1.000000
0.952432 -0.034059 -0.302843 10.294754 -0.049070 0.963630 -0.262695 89.035080 0.300776 0.265059 0.916121 -5.182971 0.000000 0.000000 0.000000 1.000000
0.951843 -0.032353 -0.304875 11.109641 -0.048684 0.965850 -0.254489 89.487183 0.302697 0.257076 0.917762 -5.528577 0.000000 0.000000 0.000000 1.000000
0.947136 -0.032733 -0.319158 12.322417 -0.050715 0.967000 -0.249677 90.025391 0.316798 0.252664 0.914221 -6.139213 0.000000 0.000000 0.000000 1.000000
0.932751 -0.038392 -0.358472 14.041635 -0.058216 0.965226 -0.254854 90.663803 0.355790 0.258584 0.898080 -7.146566 0.000000 0.000000 0.000000 1.000000
0.903695 -0.049556 -0.425298 16.206650 -0.075080 0.959551 -0.271340 91.388878 0.421542 0.277140 0.863421 -8.504239 0.000000 0.000000 0.000000 1.000000
0.864114 -0.064478 -0.499149 18.480207 -0.098086 0.951169 -0.292672 91.963318 0.493646 0.301862 0.815594 -10.091330 0.000000 0.000000 0.000000 1.000000
0.829797 -0.078699 -0.552489 20.531645 -0.115251 0.944498 -0.307637 92.267899 0.546035 0.318951 0.774672 -11.721455 0.000000 0.000000 0.000000 1.000000
0.812462 -0.086494 -0.576563 22.075235 -0.117238 0.944495 -0.306896 92.364029 0.571105 0.316936 0.757226 -13.045622 0.000000 0.000000 0.000000 1.000000
0.804512 -0.083961 -0.587972 22.984135 -0.110101 0.951717 -0.286552 92.458138 0.583643 0.295270 0.756424 -13.913657 0.000000 0.000000 0.000000 1.000000
0.803883 -0.075799 -0.589938 22.704378 -0.094806 0.962836 -0.252900 92.234634 0.587184 0.259232 0.766821 -14.119945 0.000000 0.000000 0.000000 1.000000
0.800280 -0.076846 -0.594683 21.549561 -0.072059 0.972242 -0.222606 91.481949 0.595282 0.221000 0.772528 -14.051931 0.000000 0.000000 0.000000 1.000000
0.775405 -0.088410 -0.625244 20.549715 -0.049159 0.978694 -0.199353 90.676682 0.629548 0.185316 0.754538 -14.287864 0.000000 0.000000 0.000000 1.000000
0.726049 -0.103211 -0.679853 20.009607 -0.026543 0.983729 -0.177689 89.886276 0.687130 0.147056 0.711496 -14.987811 0.000000 0.000000 0.000000 1.000000
0.646816 -0.124219 -0.752462 20.020935 0.004114 0.987200 -0.159434 88.662292 0.762635 0.100029 0.639048 -16.446787 0.000000 0.000000 0.000000 1.000000
0.542238 -0.148932 -0.826920 20.444662 0.038017 0.987506 -0.152926 86.936630 0.839364 0.051485 0.541125 -18.450235 0.000000 0.000000 0.000000 1.000000
0.454262 -0.173887 -0.873733 21.186543 0.063156 0.984584 -0.163113 85.060143 0.888627 0.018915 0.458241 -20.344067 0.000000 0.000000 0.000000 1.000000
0.414979 -0.210888 -0.885053 22.162184 0.083164 0.977486 -0.193920 83.249207 0.906022 0.006868 0.423174 -21.938303 0.000000 0.000000 0.000000 1.000000
0.410604 -0.263132 -0.873021 23.120569 0.101677 0.964697 -0.242943 81.612747 0.906127 0.010987 0.422863 -23.330252 0.000000 0.000000 0.000000 1.000000
0.414670 -0.301533 -0.858561 23.954212 0.114191 0.953287 -0.279650 80.433517 0.902779 0.017923 0.429732 -24.238882 0.000000 0.000000 0.000000 1.000000
0.422891 -0.310547 -0.851307 24.721561 0.124266 0.950444 -0.284982 79.790474 0.897620 0.014728 0.440524 -24.453533 0.000000 0.000000 0.000000 1.000000
0.442940 -0.314453 -0.839598 25.299391 0.130187 0.949108 -0.286786 79.620415 0.887049 0.017724 0.461335 -23.986153 0.000000 0.000000 0.000000 1.000000
0.473018 -0.319927 -0.820915 25.460995 0.122616 0.946580 -0.298249 79.835815 0.872479 0.040420 0.486977 -22.807468 0.000000 0.000000 0.000000 1.000000
0.513703 -0.310462 -0.799827 25.057316 0.100217 0.947565 -0.303442 80.364777 0.852095 0.075723 0.517881 -20.744743 0.000000 0.000000 0.000000 1.000000
0.570538 -0.277596 -0.772934 23.936596 0.067300 0.953781 -0.292869 80.949066 0.818509 0.115075 0.562850 -17.764679 0.000000 0.000000 0.000000 1.000000
0.642368 -0.226242 -0.732242 22.156218 0.033165 0.962746 -0.268366 81.368591 0.765679 0.148105 0.625940 -14.112028 0.000000 0.000000 0.000000 1.000000
0.717866 -0.171859 -0.674635 20.158119 0.006320 0.970620 -0.240534 81.941826 0.696153 0.168407 0.697862 -10.025647 0.000000 0.000000 0.000000 1.000000
0.786592 -0.122762 -0.605146 18.053007 -0.009838 0.977421 -0.211072 82.588173 0.617394 0.171981 0.767624 -6.211939 0.000000 0.000000 0.000000 1.000000
0.847874 -0.066295 -0.526037 15.666149 -0.028746 0.984945 -0.170463 83.170929 0.529418 0.159652 0.833203 -3.268125 0.000000 0.000000 0.000000 1.000000
0.905610 0.012554 -0.423927 13.751131 -0.077027 0.987807 -0.135295 84.696106 0.417059 0.155178 0.895534 0.108626 0.000000 0.000000 0.000000 1.000000
0.954212 0.082920 -0.287409 12.593412 -0.126526 0.982512 -0.136609 85.894463 0.271055 0.166718 0.948016 2.518579 0.000000 0.000000 0.000000 1.000000
0.987173 0.117518 -0.108065 11.578336 -0.135225 0.975297 -0.174670 85.303902 0.084868 0.187042 0.978679 3.492373 0.000000 0.000000 0.000000 1.000000
0.976537 0.192114 0.097308 11.150756 -0.166567 0.960214 -0.224154 85.916351 -0.136499 0.202687 0.969684 5.115764 0.000000 0.000000 0.000000 1.000000
0.921012 0.270367 0.280427 11.062162 -0.198205 0.945009 -0.260139 86.047554 -0.335339 0.184009 0.923953 6.210529 0.000000 0.000000 0.000000 1.000000
0.849607 0.325329 0.415124 10.981347 -0.227689 0.936211 -0.267704 85.981567 -0.475736 0.132924 0.869486 7.115685 0.000000 0.000000 0.000000 1.000000
0.797866 0.335952 0.500547 10.261574 -0.227013 0.936638 -0.266786 85.810020 -0.558458 0.099229 0.823576 8.650394 0.000000 0.000000 0.000000 1.000000
0.764176 0.314802 0.562970 8.716250 -0.187731 0.943576 -0.272805 84.610893 -0.617084 0.102784 0.780156 11.936888 0.000000 0.000000 0.000000 1.000000
0.730085 0.293329 0.617198 7.316459 -0.146181 0.949318 -0.278254 83.021118 -0.667537 0.112927 0.735963 15.940967 0.000000 0.000000 0.000000 1.000000
0.681237 0.272018 0.679649 5.835447 -0.098490 0.954017 -0.283109 81.374664 -0.725408 0.125926 0.676702 19.608507 0.000000 0.000000 0.000000 1.000000
0.603433 0.263847 0.752498 3.960609 -0.039312 0.952369 -0.302404 78.974434 -0.796444 0.152898 0.585064 22.862457 0.000000 0.000000 0.000000 1.000000
0.518981 0.295601 0.802047 2.272035 -0.002076 0.938734 -0.344635 76.064499 -0.854783 0.177194 0.487799 25.945892 0.000000 0.000000 0.000000 1.000000
0.464620 0.329249 0.822024 1.134106 0.021313 0.923879 -0.382092 74.297096 -0.885254 0.195047 0.422235 28.346958 0.000000 0.000000 0.000000 1.000000
0.437052 0.349143 0.828906 0.141828 0.037557 0.913696 -0.404660 73.682251 -0.898652 0.207989 0.386219 29.685698 0.000000 0.000000 0.000000 1.000000
0.418348 0.365840 0.831352 -0.452652 0.044097 0.906036 -0.420896 73.304192 -0.907216 0.212741 0.362906 30.380247 0.000000 0.000000 0.000000 1.000000
0.409515 0.369469 0.834141 -0.678002 0.049195 0.904050 -0.424586 73.122993 -0.910976 0.214910 0.352046 30.778391 0.000000 0.000000 0.000000 1.000000
0.410532 0.359329 0.838061 -0.679338 0.048371 0.909205 -0.413528 73.260239 -0.910562 0.210304 0.355877 30.776466 0.000000 0.000000 0.000000 1.000000
0.421215 0.341383 0.840260 -0.364300 0.036625 0.919298 -0.391854 73.732285 -0.906221 0.195829 0.374719 30.105940 0.000000 0.000000 0.000000 1.000000
0.456272 0.319151 0.830637 0.292187 0.022988 0.928929 -0.369544 74.765152 -0.889544 0.187707 0.416507 28.712360 0.000000 0.000000 0.000000 1.000000
0.522900 0.302830 0.796787 1.276751 0.011313 0.932216 -0.361725 76.493248 -0.852319 0.198160 0.484029 26.298079 0.000000 0.000000 0.000000 1.000000
0.610248 0.306609 0.730472 2.598461 -0.000602 0.922247 -0.386602 78.729935 -0.792211 0.235483 0.562983 22.755396 0.000000 0.000000 0.000000 1.000000
0.715673 0.313649 0.624048 4.138560 -0.018178 0.901557 -0.432279 81.114441 -0.698198 0.298027 0.650922 19.548279 0.000000 0.000000 0.000000 1.000000
0.824409 0.289780 0.486186 5.619170 -0.043966 0.889187 -0.455427 83.012375 -0.564284 0.354082 0.745794 17.409693 0.000000 0.000000 0.000000 1.000000
0.904965 0.241588 0.350247 7.093244 -0.066298 0.893181 -0.444784 84.269730 -0.420289 0.379293 0.824314 15.822250 0.000000 0.000000 0.000000 1.000000
0.950782 0.203251 0.233884 8.731281 -0.087569 0.900290 -0.426391 85.746895 -0.297228 0.384924 0.873779 14.382759 0.000000 0.000000 0.000000 1.000000
0.975433 0.177823 0.130035 10.260343 -0.109906 0.904390 -0.412311 87.361504 -0.190921 0.387890 0.901715 13.467189 0.000000 0.000000 0.000000 1.000000
0.987604 0.152087 0.038830 11.036068 -0.124122 0.908111 -0.399910 88.484833 -0.096083 0.390133 0.915732 13.117138 0.000000 0.000000 0.000000 1.000000
0.990992 0.129431 -0.034385 11.122836 -0.132573 0.911788 -0.388673 89.077698 -0.018955 0.389731 0.920734 12.761078 0.000000 0.000000 0.000000 1.000000
0.990338 0.105603 -0.089885 10.750725 -0.132245 0.914279 -0.382891 89.169464 0.041745 0.391079 0.919410 12.147722 0.000000 0.000000 0.000000 1.000000
0.986767 0.077690 -0.142322 10.189118 -0.127449 0.914252 -0.384579 89.065567 0.100241 0.397628 0.912055 11.281572 0.000000 0.000000 0.000000 1.000000
0.978349 0.052675 -0.200147 9.619766 -0.128072 0.913755 -0.385551 88.991852 0.162577 0.402837 0.900717 10.211705 0.000000 0.000000 0.000000 1.000000
0.967885 0.025730 -0.250073 8.894262 -0.122906 0.916191 -0.381428 88.663666 0.219301 0.399914 0.889930 8.925495 0.000000 0.000000 0.000000 1.000000
0.958919 -0.007998 -0.283569 8.096438 -0.103827 0.920351 -0.377060 88.038261 0.263999 0.391011 0.881711 7.462581 0.000000 0.000000 0.000000 1.000000
0.950873 -0.038585 -0.307167 7.543564 -0.084290 0.922450 -0.376805 87.362579 0.297885 0.384185 0.873880 5.870244 0.000000 0.000000 0.000000 1.000000
0.945120 -0.058376 -0.321466 6.949608 -0.071627 0.922954 -0.378188 86.391457 0.318775 0.380459 0.868121 4.142105 0.000000 0.000000 0.000000 1.000000
0.943468 -0.066935 -0.324635 6.125498 -0.063259 0.925036 -0.374574 85.285355 0.325371 0.373935 0.868508 2.475122 0.000000 0.000000 0.000000 1.000000
0.945569 -0.074097 -0.316873 5.483781 -0.050749 0.928243 -0.368497 84.223190 0.321440 0.364520 0.873957 0.846028 0.000000 0.000000 0.000000 1.000000
0.948815 -0.083655 -0.304551 5.338197 -0.038793 0.926113 -0.375246 83.314278 0.313440 0.367854 0.875465 -0.795143 0.000000 0.000000 0.000000 1.000000
0.948088 -0.096733 -0.302940 5.429138 -0.032669 0.917948 -0.395354 82.569443 0.316327 0.384727 0.867134 -2.270397 0.000000 0.000000 0.000000 1.000000
0.944072 -0.110657 -0.310618 5.712584 -0.029373 0.910042 -0.413474 81.937729 0.328430 0.399473 0.855894 -3.515885 0.000000 0.000000 0.000000 1.000000
0.941997 -0.119673 -0.313560 6.384989 -0.026009 0.905428 -0.423702 81.443398 0.334612 0.407282 0.849798 -4.535875 0.000000 0.000000 0.000000 1.000000
0.940146 -0.123670 -0.317540 7.324264 -0.027523 0.901222 -0.432482 81.038208 0.339659 0.415336 0.843877 -5.308815 0.000000 0.000000 0.000000 1.000000
0.935588 -0.126508 -0.329653 8.395086 -0.033322 0.897813 -0.439115 80.756660 0.351518 0.421816 0.835767 -5.809606 0.000000 0.000000 0.000000 1.000000
0.930023 -0.131166 -0.343297 9.605257 -0.034423 0.898940 -0.436717 80.688248 0.365886 0.417974 0.831520 -6.050901 0.000000 0.000000 0.000000 1.000000
0.924049 -0.137562 -0.356666 10.963152 -0.031690 0.902233 -0.430083 80.777573 0.380959 0.408721 0.829348 -6.102987 0.000000 0.000000 0.000000 1.000000
0.916982 -0.142296 -0.372687 12.430283 -0.032341 0.904629 -0.424972 80.964256 0.397616 0.401745 0.824926 -5.982923 0.000000 0.000000 0.000000 1.000000
0.909825 -0.143412 -0.389424 13.931060 -0.035438 0.908113 -0.417223 81.216408 0.413476 0.393401 0.821142 -5.693528 0.000000 0.000000 0.000000 1.000000
0.903115 -0.141270 -0.405496 15.415766 -0.040393 0.912194 -0.407762 81.478752 0.427496 0.384635 0.818109 -5.304651 0.000000 0.000000 0.000000 1.000000
0.897486 -0.137105 -0.419192 16.887577 -0.047344 0.915012 -0.400638 81.789093 0.438495 0.379413 0.814719 -4.857756 0.000000 0.000000 0.000000 1.000000
0.892885 -0.130983 -0.430814 18.306786 -0.054881 0.917968 -0.392840 82.260681 0.446929 0.374404 0.812451 -4.312284 0.000000 0.000000 0.000000 1.000000
0.888267 -0.122789 -0.442612 19.623060 -0.060377 0.924034 -0.377514 82.917503 0.455343 0.362056 0.813375 -3.676499 0.000000 0.000000 0.000000 1.000000
0.885163 -0.113566 -0.451210 20.860474 -0.063146 0.931462 -0.358317 83.597878 0.460977 0.345661 0.817324 -3.044513 0.000000 0.000000 0.000000 1.000000
0.884428 -0.103130 -0.455139 21.935318 -0.070962 0.934216 -0.349577 84.111984 0.461250 0.341474 0.818929 -2.507894 0.000000 0.000000 0.000000 1.000000
0.884904 -0.091070 -0.456783 22.744556 -0.083221 0.934004 -0.347434 84.540634 0.458278 0.345460 0.818925 -2.084282 0.000000 0.000000 0.000000 1.000000
0.886257 -0.078393 -0.456511 23.305977 -0.093440 0.935054 -0.341969 85.033928 0.453671 0.345729 0.821374 -1.761034 0.000000 0.000000 0.000000 1.000000
0.888803 -0.065024 -0.453652 23.649426 -0.104157 0.935318 -0.338130 85.510170 0.446296 0.347782 0.824541 -1.511763 0.000000 0.000000 0.000000 1.000000
0.892424 -0.053297 -0.448039 23.812511 -0.113285 0.934723 -0.336836 85.898750 0.436745 0.351357 0.828132 -1.327735 0.000000 0.000000 0.000000 1.000000
0.896983 -0.046197 -0.439645 23.828011 -0.114823 0.936043 -0.332625 86.167885 0.426893 0.348840 0.834310 -1.187711 0.000000 0.000000 0.000000 1.000000
0.901082 -0.040650 -0.431739 23.664459 -0.113971 0.938397 -0.326222 86.372513 0.418404 0.343159 0.840940 -1.074045 0.000000 0.000000 0.000000 1.000000
0.904282 -0.032333 -0.425710 23.371780 -0.117864 0.939471 -0.321718 86.618355 0.410345 0.341099 0.845736 -0.982334 0.000000 0.000000 0.000000 1.000000
0.909503 -0.024693 -0.414963 23.023556 -0.120381 0.939816 -0.319772 86.820816 0.397885 0.340787 0.851793 -0.915077 0.000000 0.000000 0.000000 1.000000
0.917063 -0.020547 -0.398212 22.596796 -0.117816 0.940120 -0.319835 86.921921 0.380939 0.340224 0.859728 -0.869179 0.000000 0.000000 0.000000 1.000000
0.922816 -0.016138 -0.384903 21.962725 -0.116469 0.940680 -0.318677 86.991234 0.367213 0.338910 0.866195 -0.883765 0.000000 0.000000 0.000000 1.000000
0.926926 -0.010732 -0.375091 21.199406 -0.117165 0.941338 -0.316473 87.078003 0.356484 0.337294 0.871293 -0.963056 0.000000 0.000000 0.000000 1.000000
0.930868 -0.006260 -0.365301 20.398485 -0.116785 0.942299 -0.313740 87.162766 0.346187 0.334713 0.876426 -1.057791 0.000000 0.000000 0.000000 1.000000
0.933994 -0.002805 -0.357277 19.510542 -0.115463 0.943944 -0.309254 87.287804 0.338117 0.330093 0.881315 -1.161943 0.000000 0.000000 0.000000 1.000000
0.936900 -0.000696 -0.349596 18.587015 -0.113492 0.945231 -0.306035 87.445557 0.330662 0.326401 0.885508 -1.319863 0.000000 0.000000 0.000000 1.000000
0.939980 -0.000027 -0.341230 17.708765 -0.110806 0.945783 -0.305312 87.529152 0.322738 0.324798 0.889015 -1.503290 0.000000 0.000000 0.000000 1.000000
0.942691 0.000241 -0.333666 16.854004 -0.107824 0.946568 -0.303945 87.580757 0.315765 0.322503 0.892348 -1.687113 0.000000 0.000000 0.000000 1.000000
0.945280 0.000147 -0.326261 16.004829 -0.104193 0.947771 -0.301452 87.651062 0.309176 0.318951 0.895924 -1.893919 0.000000 0.000000 0.000000 1.000000
0.947822 -0.002041 -0.318794 15.151497 -0.098885 0.948777 -0.300074 87.694679 0.303077 0.315940 0.899069 -2.128780 0.000000 0.000000 0.000000 1.000000
0.949782 -0.005434 -0.312864 14.309587 -0.093085 0.949678 -0.299077 87.739243 0.298745 0.313181 0.901481 -2.377804 0.000000 0.000000 0.000000 1.000000
0.950996 -0.008301 -0.309091 13.501075 -0.088437 0.950577 -0.297628 87.824295 0.296285 0.310378 0.903261 -2.628219 0.000000 0.000000 0.000000 1.000000
0.951800 -0.010641 -0.306534 12.721876 -0.084943 0.951164 -0.296769 87.924141 0.294722 0.308503 0.904414 -2.877605 0.000000 0.000000 0.000000 1.000000
0.952536 -0.012857 -0.304155 12.003841 -0.082163 0.951174 -0.297520 88.003586 0.293129 0.308389 0.904971 -3.133290 0.000000 0.000000 0.000000 1.000000
0.953345 -0.015011 -0.301508 11.367041 -0.079667 0.950846 -0.299240 88.059669 0.291180 0.309299 0.905289 -3.388292 0.000000 0.000000 0.000000 1.000000
0.954073 -0.017441 -0.299065 10.777989 -0.076826 0.950673 -0.300530 88.069550 0.289554 0.309703 0.905672 -3.626998 0.000000 0.000000 0.000000 1.000000
0.954094 -0.019644 -0.298863 10.254470 -0.074628 0.950782 -0.300738 88.070847 0.290061 0.309236 0.905670 -3.840767 0.000000 0.000000 0.000000 1.000000
0.953850 -0.022345 -0.299451 9.803236 -0.071755 0.951378 -0.299553 88.070488 0.291584 0.307216 0.905868 -4.033552 0.000000 0.000000 0.000000 1.000000
0.953762 -0.026181 -0.299419 9.399040 -0.067422 0.952175 -0.298021 88.011650 0.292902 0.304429 0.906384 -4.209692 0.000000 0.000000 0.000000 1.000000
0.953233 -0.029358 -0.300808 9.088815 -0.064343 0.952744 -0.296881 87.938507 0.295309 0.302352 0.906298 -4.355901 0.000000 0.000000 0.000000 1.000000
0.954024 -0.031497 -0.298071 8.976083 -0.061020 0.953227 -0.296031 87.882523 0.293454 0.300609 0.907480 -4.438449 0.000000 0.000000 0.000000 1.000000
0.956888 -0.033881 -0.288473 9.006615 -0.055123 0.953940 -0.294890 87.843086 0.285177 0.298078 0.910946 -4.499981 0.000000 0.000000 0.000000 1.000000
0.957961 -0.036690 -0.284543 9.116828 -0.050934 0.954286 -0.294524 87.846687 0.282342 0.296636 0.912300 -4.558081 0.000000 0.000000 0.000000 1.000000</float_array><technique_common><accessor source="#Hips-Matrix-animation-output-transform-array" count="116" stride="16"><param type="float4x4"/></accessor></technique_common></source><source id="Hips-Interpolations"><Name_array id="Hips-Interpolations-array" count="116">
 LINEAR LINEAR LINEAR LINEAR LINEAR LINEAR LINEAR LINEAR LINEAR LINEAR LINEAR
LINEAR LINEAR LINEAR LINEAR LINEAR LINEAR LINEAR LINEAR LINEAR LINEAR LINEAR LINEAR
LINEAR LINEAR LINEAR LINEAR LINEAR LINEAR LINEAR LINEAR LINEAR LINEAR LINEAR LINEAR
LINEAR LINEAR LINEAR LINEAR LINEAR LINEAR LINEAR LINEAR LINEAR LINEAR LINEAR LINEAR
LINEAR LINEAR LINEAR LINEAR LINEAR LINEAR LINEAR LINEAR LINEAR LINEAR LINEAR LINEAR
LINEAR LINEAR LINEAR LINEAR LINEAR LINEAR LINEAR LINEAR LINEAR LINEAR LINEAR LINEAR
LINEAR LINEAR LINEAR LINEAR LINEAR LINEAR LINEAR LINEAR LINEAR LINEAR LINEAR LINEAR
LINEAR LINEAR LINEAR LINEAR LINEAR LINEAR LINEAR LINEAR LINEAR LINEAR LINEAR LINEAR
LINEAR LINEAR LINEAR LINEAR LINEAR LINEAR LINEAR LINEAR LINEAR LINEAR LINEAR LINEAR
LINEAR LINEAR LINEAR LINEAR LINEAR LINEAR LINEAR LINEAR LINEAR</Name_array><technique_common><accessor source="#Hips-Interpolations-array" count="116"><param type="name"/></accessor></technique_common></source><sampler id="Hips-Matrix-animation-transform"><input semantic="INPUT" source="#Hips-Matrix-animation-input"/><input semantic="OUTPUT" source="#Hips-Matrix-animation-output-transform"/><input semantic="INTERPOLATION" source="#Hips-Interpolations"/></sampler><channel source="#Hips-Matrix-animation-transform" target="Hips/matrix"/></animation>
    <animation id="Spine-anim" name="Spine"><source id="Spine-Matrix-animation-input"><float_array id="Spine-Matrix-animation-input-array" count="116">

0.000000 0.033333 0.066667 0.100000 0.133333 0.166667 0.200000 0.233333 0.266667 0.300000 0.333333 0.366667 0.400000 0.433333 0.466667 0.500000
0.533333 0.566667 0.600000 0.633333 0.666667 0.700000 0.733333 0.766667 0.800000 0.833333 0.866667 0.900000 0.933333 0.966667 1.000000 1.033333
1.066667 1.100000 1.133333 1.166667 1.200000 1.233333 1.266667 1.300000 1.333333 1.366667 1.400000 1.433333 1.466667 1.500000 1.533333 1.566667
1.600000 1.633333 1.666667 1.700000 1.733333 1.766667 1.800000 1.833333 1.866667 1.900000 1.933333 1.966667 2.000000 2.033333 2.066667 2.100000
2.133333 2.166667 2.200000 2.233333 2.266667 2.300000 2.333333 2.366667 2.400000 2.433333 2.466667 2.500000 2.533333 2.566667 2.600000 2.633333
2.666667 2.700000 2.733333 2.766667 2.800000 2.833333 2.866667 2.900000 2.933333 2.966667 3.000000 3.033333 3.066667 3.100000 3.133333 3.166667
3.200000 3.233333 3.266667 3.300000 3.333333 3.366667 3.400000 3.433333 3.466667 3.500000 3.533333 3.566667 3.600000 3.633333 3.666667 3.700000
3.733333 3.766667 3.800000 3.833333</float_array><technique_common><accessor source="#Spine-Matrix-animation-input-array" count="116"><param name="TIME" type="float"/></accessor></technique_common></source><source id="Spine-Matrix-animation-output-transform"><float_array id="Spine-Matrix-animation-output-transform-array" count="1856">

0.997403 0.010334 -0.071279 0.000000 -0.024220 0.980143 -0.196809 10.993800 0.067830 0.198025 0.977847 0.920600 0.000000 0.000000 0.000000 1.000000
0.997806 0.012464 -0.065027 0.000000 -0.024933 0.980559 -0.194636 10.993800 0.061337 0.195830 0.978718 0.920600 0.000000 0.000000 0.000000 1.000000
0.998149 0.015527 -0.058807 0.000000 -0.026648 0.980771 -0.193335 10.993800 0.054675 0.194544 0.979369 0.920600 0.000000 0.000000 0.000000 1.000000
0.998408 0.019081 -0.053082 0.000000 -0.029030 0.980668 -0.193515 10.993800 0.048363 0.194748 0.979660 0.920600 0.000000 0.000000 0.000000 1.000000
0.998648 0.021015 -0.047544 -0.000000 -0.029921 0.980313 -0.195170 10.993800 0.042507 0.196328 0.979616 0.920600 0.000000 0.000000 0.000000 1.000000
0.998926 0.022408 -0.040559 0.000000 -0.030055 0.979528 -0.199050 10.993800 0.035268 0.200055 0.979150 0.920600 0.000000 0.000000 0.000000 1.000000
0.999127 0.024901 -0.033546 -0.000000 -0.031261 0.978287 -0.204883 10.993800 0.027716 0.205752 0.978212 0.920600 0.000000 0.000000 0.000000 1.000000
0.999155 0.027388 -0.030653 -0.000000 -0.033195 0.977408 -0.208739 10.993800 0.024244 0.209580 0.977491 0.920600 0.000000 0.000000 0.000000 1.000000
0.999058 0.032293 -0.028983 0.000000 -0.037566 0.977995 -0.205218 10.993800 0.021718 0.206113 0.978287 0.920600 0.000000 0.000000 0.000000 1.000000
0.998681 0.043757 -0.026856 0.000000 -0.048118 0.980143 -0.192365 10.993800 0.017906 0.193403 0.980956 0.920600 0.000000 0.000000 0.000000 1.000000
0.997972 0.057097 -0.028124 -0.000000 -0.061183 0.982363 -0.176692 10.993800 0.017539 0.178055 0.983864 0.920600 0.000000 0.000000 0.000000 1.000000
0.997156 0.068771 -0.030841 -0.000000 -0.072895 0.983973 -0.162740 10.993800 0.019155 0.164525 0.986187 0.920600 0.000000 0.000000 0.000000 1.000000
0.997198 0.070059 -0.026221 0.000000 -0.073225 0.985864 -0.150698 10.993800 0.015293 0.152195 0.988232 0.920600 0.000000 0.000000 0.000000 1.000000
0.998146 0.059011 -0.014889 0.000000 -0.060521 0.988201 -0.140696 10.993800 0.006410 0.141336 0.989941 0.920600 0.000000 0.000000 0.000000 1.000000
0.998578 0.053239 -0.002673 -0.000000 -0.053153 0.990651 -0.125637 10.993800 -0.004040 0.125600 0.992073 0.920600 0.000000 0.000000 0.000000 1.000000
0.998370 0.055962 0.011176 0.000000 -0.054543 0.993333 -0.101564 10.993800 -0.016785 0.100789 0.994766 0.920600 0.000000 0.000000 0.000000 1.000000
0.998043 0.058294 0.022629 0.000000 -0.056345 0.995293 -0.078852 10.993800 -0.027119 0.077422 0.996629 0.920600 0.000000 0.000000 0.000000 1.000000
0.998014 0.061525 0.013532 -0.000000 -0.060428 0.995692 -0.070331 10.993800 -0.017801 0.069374 0.997432 0.920600 0.000000 0.000000 0.000000 1.000000
0.998153 0.058603 -0.016019 -0.000000 -0.059653 0.995348 -0.075654 10.993800 0.011510 0.076470 0.997005 0.920600 0.000000 0.000000 0.000000 1.000000
0.998496 0.041347 -0.035996 0.000000 -0.044433 0.994983 -0.089636 10.993800 0.032109 0.091101 0.995324 0.920600 0.000000 0.000000 0.000000 1.000000
0.998642 0.012828 -0.050496 0.000000 -0.018225 0.993993 -0.107918 10.993800 0.048809 0.108692 0.992877 0.920600 0.000000 0.000000 0.000000 1.000000
0.996701 -0.014053 -0.079930 0.000000 0.004537 0.993002 -0.118010 10.993800 0.081029 0.117258 0.989790 0.920600 0.000000 0.000000 0.000000 1.000000
0.993485 -0.029843 -0.109988 0.000000 0.016507 0.992610 -0.120219 10.993800 0.112763 0.117620 0.986636 0.920600 0.000000 0.000000 0.000000 1.000000
0.992130 -0.033210 -0.120728 0.000000 0.017650 0.991652 -0.127731 10.993800 0.123962 0.124595 0.984434 0.920600 0.000000 0.000000 0.000000 1.000000
0.991932 -0.032791 -0.122454 -0.000000 0.016363 0.991004 -0.132825 10.993800 0.125708 0.129749 0.983546 0.920600 0.000000 0.000000 0.000000 1.000000
0.991744 -0.029493 -0.124794 0.000000 0.013901 0.992183 -0.124013 10.993800 0.127476 0.121255 0.984402 0.920600 0.000000 0.000000 0.000000 1.000000
0.992363 -0.021272 -0.121500 0.000000 0.008321 0.994318 -0.106122 10.993800 0.123067 0.104301 0.986902 0.920600 0.000000 0.000000 0.000000 1.000000
0.993564 -0.006309 -0.113097 0.000000 -0.003016 0.996621 -0.082084 10.993800 0.113233 0.081897 0.990187 0.920600 0.000000 0.000000 0.000000 1.000000
0.993954 0.025460 -0.106802 -0.000000 -0.031266 0.998103 -0.053045 10.993800 0.105249 0.056063 0.992864 0.920600 0.000000 0.000000 0.000000 1.000000
0.992881 0.070378 -0.096095 0.000000 -0.073321 0.996931 -0.027436 10.993800 0.093869 0.034286 0.994994 0.920600 0.000000 0.000000 0.000000 1.000000
0.989122 0.126050 -0.075827 0.000000 -0.127141 0.991837 -0.009720 10.993800 0.073982 0.019255 0.997074 0.920600 0.000000 0.000000 0.000000 1.000000
0.980702 0.188941 -0.050242 0.000000 -0.189539 0.981846 -0.007373 10.993800 0.047937 0.016753 0.998710 0.920600 0.000000 0.000000 0.000000 1.000000
0.975121 0.219132 -0.033479 0.000000 -0.219833 0.975355 -0.018871 10.993800 0.028519 0.025761 0.999261 0.920600 0.000000 0.000000 0.000000 1.000000
0.971407 0.234465 -0.037337 0.000000 -0.235870 0.970996 -0.039137 10.993800 0.027078 0.046825 0.998536 0.920600 0.000000 0.000000 0.000000 1.000000
0.962880 0.264414 -0.054283 0.000000 -0.267885 0.960769 -0.071843 10.993800 0.033157 0.083718 0.995938 0.920600 0.000000 0.000000 0.000000 1.000000
0.970427 0.230828 -0.070640 0.000000 -0.237801 0.964441 -0.115348 10.993800 0.041503 0.128735 0.990810 0.920600 0.000000 0.000000 0.000000 1.000000
0.984675 0.158734 -0.072235 0.000000 -0.168403 0.973094 -0.157251 10.993800 0.045330 0.167006 0.984913 0.920600 0.000000 0.000000 0.000000 1.000000
0.994307 0.081834 -0.068248 -0.000000 -0.092977 0.979170 -0.180503 10.993800 0.052055 0.185821 0.981204 0.920600 0.000000 0.000000 0.000000 1.000000
0.995738 0.047965 -0.078768 0.000000 -0.061730 0.981197 -0.182870 10.993800 0.068516 0.186953 0.979977 0.920600 0.000000 0.000000 0.000000 1.000000
0.996095 0.043267 -0.076958 0.000000 -0.056566 0.982031 -0.180044 10.993800 0.067785 0.183694 0.980643 0.920600 0.000000 0.000000 0.000000 1.000000
0.999360 0.011763 -0.033788 0.000000 -0.018087 0.980937 -0.193484 10.993800 0.030868 0.193971 0.980521 0.920600 0.000000 0.000000 0.000000 1.000000
0.999131 -0.031425 0.027392 0.000000 0.036716 0.974539 -0.221192 10.993800 -0.019744 0.222006 0.974845 0.920600 0.000000 0.000000 0.000000 1.000000
0.996044 -0.058243 0.067112 0.000000 0.072520 0.969251 -0.235147 10.993800 -0.051352 0.239084 0.969640 0.920600 0.000000 0.000000 0.000000 1.000000
0.992888 -0.072779 0.094212 0.000000 0.092332 0.970319 -0.223510 10.993800 -0.075149 0.230619 0.970138 0.920600 0.000000 0.000000 0.000000 1.000000
0.989263 -0.071732 0.127333 0.000000 0.098370 0.971169 -0.217150 10.993800 -0.108085 0.227345 0.967797 0.920600 0.000000 0.000000 0.000000 1.000000
0.985803 -0.062866 0.155693 0.000000 0.097521 0.969204 -0.226127 10.993800 -0.136683 0.238100 0.961575 0.920600 0.000000 0.000000 0.000000 1.000000
0.983245 -0.069710 0.168435 0.000000 0.107881 0.967333 -0.229409 10.993800 -0.146941 0.243736 0.958645 0.920600 0.000000 0.000000 0.000000 1.000000
0.983056 -0.079890 0.164982 -0.000000 0.116533 0.967118 -0.226058 10.993800 -0.141498 0.241453 0.960041 0.920600 0.000000 0.000000 0.000000 1.000000
0.986665 -0.075594 0.144148 -0.000000 0.106922 0.968744 -0.223838 10.993800 -0.122721 0.236265 0.963908 0.920600 0.000000 0.000000 0.000000 1.000000
0.991278 -0.066319 0.113881 0.000000 0.090456 0.970841 -0.222002 10.993800 -0.095838 0.230367 0.968373 0.920600 0.000000 0.000000 0.000000 1.000000
0.994302 -0.058964 0.088806 -0.000000 0.077316 0.972431 -0.220001 10.993800 -0.073385 0.225613 0.971449 0.920600 0.000000 0.000000 0.000000 1.000000
0.995785 -0.048165 0.078058 0.000000 0.063815 0.975095 -0.212410 10.993800 -0.065883 0.216496 0.974058 0.920600 0.000000 0.000000 0.000000 1.000000
0.996294 -0.033107 0.079388 -0.000000 0.047817 0.980377 -0.191247 10.993800 -0.071498 0.194334 0.978326 0.920600 0.000000 0.000000 0.000000 1.000000
0.997264 -0.000636 0.073921 0.000000 0.012845 0.986241 -0.164813 10.993800 -0.072799 0.165311 0.983551 0.920600 0.000000 0.000000 0.000000 1.000000
0.998802 0.042550 0.024177 -0.000000 -0.038613 0.988697 -0.144872 10.993800 -0.030068 0.143765 0.989155 0.920600 0.000000 0.000000 0.000000 1.000000
0.996266 0.075643 -0.041626 0.000000 -0.080276 0.989026 -0.124030 10.993800 0.031787 0.126908 0.991405 0.920600 0.000000 0.000000 0.000000 1.000000
0.994601 0.093030 -0.045989 -0.000000 -0.097446 0.989627 -0.105556 10.993800 0.035692 0.109467 0.993349 0.920600 0.000000 0.000000 0.000000 1.000000
0.994748 0.100440 -0.019721 -0.000000 -0.101816 0.990734 -0.089889 10.993800 0.010509 0.091425 0.995756 0.920600 0.000000 0.000000 0.000000 1.000000
0.994002 0.108985 -0.009047 -0.000000 -0.109356 0.991255 -0.073858 10.993800 0.000919 0.074404 0.997228 0.920600 0.000000 0.000000 0.000000 1.000000
0.993383 0.114791 -0.003610 -0.000000 -0.114789 0.991378 -0.063183 10.993800 -0.003674 0.063180 0.997995 0.920600 0.000000 0.000000 0.000000 1.000000
0.992675 0.120771 -0.003373 0.000000 -0.120754 0.990844 -0.060381 10.993800 -0.003950 0.060346 0.998170 0.920600 0.000000 0.000000 0.000000 1.000000
0.992004 0.125793 -0.010246 0.000000 -0.126187 0.990081 -0.061783 10.993800 0.002372 0.062582 0.998037 0.920600 0.000000 0.000000 0.000000 1.000000
0.992050 0.124810 -0.016116 0.000000 -0.125614 0.989842 -0.066587 10.993800 0.007641 0.068082 0.997650 0.920600 0.000000 0.000000 0.000000 1.000000
0.991972 0.123910 -0.025245 -0.000000 -0.125497 0.989169 -0.076120 10.993800 0.015540 0.078677 0.996779 0.920600 0.000000 0.000000 0.000000 1.000000
0.992205 0.119429 -0.035571 0.000000 -0.122219 0.988341 -0.090801 10.993800 0.024312 0.094441 0.995234 0.920600 0.000000 0.000000 0.000000 1.000000
0.994019 0.104170 -0.032784 -0.000000 -0.107105 0.988535 -0.106429 10.993800 0.021321 0.109304 0.993780 0.920600 0.000000 0.000000 0.000000 1.000000
0.995939 0.086189 -0.026030 -0.000000 -0.088694 0.988912 -0.119106 10.993800 0.015475 0.120931 0.992540 0.920600 0.000000 0.000000 0.000000 1.000000
0.997095 0.069905 -0.030256 -0.000000 -0.073415 0.987842 -0.137035 10.993800 0.020308 0.138858 0.990104 0.920600 0.000000 0.000000 0.000000 1.000000
0.997510 0.057293 -0.041117 -0.000000 -0.063282 0.984528 -0.163401 10.993800 0.031119 0.165597 0.985702 0.920600 0.000000 0.000000 0.000000 1.000000
0.997910 0.041384 -0.049632 0.000000 -0.049799 0.981943 -0.182506 10.993800 0.041183 0.184596 0.981951 0.920600 0.000000 0.000000 0.000000 1.000000
0.998327 0.023065 -0.053025 0.000000 -0.032687 0.981537 -0.188457 10.993800 0.047699 0.189875 0.980649 0.920600 0.000000 0.000000 0.000000 1.000000
0.998450 0.008518 -0.055000 -0.000000 -0.018961 0.981161 -0.192260 10.993800 0.052326 0.193004 0.979802 0.920600 0.000000 0.000000 0.000000 1.000000
0.998195 -0.004357 -0.059897 0.000000 -0.007686 0.979894 -0.199368 10.993800 0.059562 0.199469 0.978092 0.920600 0.000000 0.000000 0.000000 1.000000
0.997933 -0.015709 -0.062311 -0.000000 0.002762 0.979248 -0.202649 10.993800 0.064202 0.202058 0.977267 0.920600 0.000000 0.000000 0.000000 1.000000
0.997821 -0.022880 -0.061888 -0.000000 0.009995 0.979545 -0.200978 10.993800 0.065221 0.199921 0.977639 0.920600 0.000000 0.000000 0.000000 1.000000
0.997095 -0.027662 -0.070961 0.000000 0.012614 0.978824 -0.204316 10.993800 0.075110 0.202827 0.976330 0.920600 0.000000 0.000000 0.000000 1.000000
0.995255 -0.034136 -0.091121 0.000000 0.013927 0.976778 -0.213802 10.993800 0.096303 0.211519 0.972618 0.920600 0.000000 0.000000 0.000000 1.000000
0.993662 -0.038335 -0.105669 -0.000000 0.014355 0.975630 -0.218952 10.993800 0.111487 0.216048 0.969997 0.920600 0.000000 0.000000 0.000000 1.000000
0.993505 -0.033596 -0.108713 0.000000 0.009239 0.976081 -0.217209 10.993800 0.113410 0.214794 0.970052 0.920600 0.000000 0.000000 0.000000 1.000000
0.993907 -0.023847 -0.107608 0.000000 0.000461 0.977203 -0.212306 10.993800 0.110218 0.210963 0.971260 0.920600 0.000000 0.000000 0.000000 1.000000
0.994289 -0.014687 -0.105709 -0.000000 -0.007362 0.978686 -0.205228 10.993800 0.106470 0.204834 0.972989 0.920600 0.000000 0.000000 0.000000 1.000000
0.994695 -0.006894 -0.102632 0.000000 -0.013820 0.979749 -0.199754 10.993800 0.101931 0.200113 0.974456 0.920600 0.000000 0.000000 0.000000 1.000000
0.995000 0.002088 -0.099850 0.000000 -0.022168 0.979459 -0.200420 10.993800 0.097380 0.201631 0.974609 0.920600 0.000000 0.000000 0.000000 1.000000
0.995021 0.012181 -0.098917 -0.000000 -0.032283 0.978384 -0.204259 10.993800 0.094290 0.206435 0.973906 0.920600 0.000000 0.000000 0.000000 1.000000
0.995101 0.018054 -0.097197 -0.000000 -0.037549 0.978526 -0.202673 10.993800 0.091450 0.205330 0.974411 0.920600 0.000000 0.000000 0.000000 1.000000
0.995455 0.021466 -0.092785 0.000000 -0.039581 0.979388 -0.198073 10.993800 0.086621 0.200845 0.975786 0.920600 0.000000 0.000000 0.000000 1.000000
0.995761 0.026652 -0.088027 0.000000 -0.043540 0.979654 -0.195914 10.993800 0.081014 0.198916 0.976662 0.920600 0.000000 0.000000 0.000000 1.000000
0.996000 0.030471 -0.083998 0.000000 -0.046279 0.980063 -0.193224 10.993800 0.076435 0.196339 0.977552 0.920600 0.000000 0.000000 0.000000 1.000000
0.996250 0.035419 -0.078944 0.000000 -0.049895 0.980571 -0.189713 10.993800 0.070690 0.192940 0.978661 0.920600 0.000000 0.000000 0.000000 1.000000
0.996231 0.046016 -0.073522 -0.000000 -0.059177 0.980332 -0.188276 10.993800 0.063413 0.191917 0.979360 0.920600 0.000000 0.000000 0.000000 1.000000
0.995872 0.057513 -0.070227 0.000000 -0.069821 0.979730 -0.187759 10.993800 0.058005 0.191887 0.979701 0.920600 0.000000 0.000000 0.000000 1.000000
0.995717 0.063424 -0.067265 -0.000000 -0.074967 0.979689 -0.185985 10.993800 0.054102 0.190231 0.980247 0.920600 0.000000 0.000000 0.000000 1.000000
0.995621 0.066081 -0.066117 -0.000000 -0.077221 0.980006 -0.183370 10.993800 0.052678 0.187673 0.980818 0.920600 0.000000 0.000000 0.000000 1.000000
0.995283 0.066997 -0.070171 -0.000000 -0.078765 0.980280 -0.181241 10.993800 0.056645 0.185913 0.980932 0.920600 0.000000 0.000000 0.000000 1.000000
0.995001 0.067278 -0.073799 -0.000000 -0.079685 0.980311 -0.180666 10.993800 0.060191 0.185644 0.980772 0.920600 0.000000 0.000000 0.000000 1.000000
0.994975 0.067235 -0.074191 -0.000000 -0.079707 0.980337 -0.180519 10.993800 0.060595 0.185526 0.980769 0.920600 0.000000 0.000000 0.000000 1.000000
0.995045 0.066882 -0.073569 -0.000000 -0.079234 0.980402 -0.180372 10.993800 0.060063 0.185307 0.980843 0.920600 0.000000 0.000000 0.000000 1.000000
0.995058 0.068153 -0.072212 0.000000 -0.080279 0.980175 -0.181143 10.993800 0.058435 0.186045 0.980802 0.920600 0.000000 0.000000 0.000000 1.000000
0.995024 0.068726 -0.072142 0.000000 -0.080871 0.980001 -0.181819 10.993800 0.058203 0.186748 0.980682 0.920600 0.000000 0.000000 0.000000 1.000000
0.995122 0.065959 -0.073360 -0.000000 -0.078384 0.980173 -0.181983 10.993800 0.059902 0.186845 0.980561 0.920600 0.000000 0.000000 0.000000 1.000000
0.995371 0.062070 -0.073378 0.000000 -0.074603 0.980326 -0.182741 10.993800 0.060592 0.187370 0.980419 0.920600 0.000000 0.000000 0.000000 1.000000
0.995659 0.058153 -0.072678 0.000000 -0.070698 0.980361 -0.184105 10.993800 0.060545 0.188444 0.980216 0.920600 0.000000 0.000000 0.000000 1.000000
0.995820 0.055175 -0.072786 0.000000 -0.067823 0.980453 -0.184695 10.993800 0.061172 0.188860 0.980097 0.920600 0.000000 0.000000 0.000000 1.000000
0.995940 0.052778 -0.072931 -0.000000 -0.065512 0.980546 -0.185036 10.993800 0.061747 0.189062 0.980022 0.920600 0.000000 0.000000 0.000000 1.000000
0.996152 0.048871 -0.072757 0.000000 -0.061702 0.980586 -0.186127 10.993800 0.062248 0.189900 0.979828 0.920600 0.000000 0.000000 0.000000 1.000000
0.996392 0.043661 -0.072784 0.000000 -0.056673 0.980610 -0.187597 10.993800 0.063183 0.191044 0.979546 0.920600 0.000000 0.000000 0.000000 1.000000
0.996631 0.038396 -0.072469 -0.000000 -0.051503 0.980682 -0.188707 10.993800 0.063823 0.191803 0.979356 0.920600 0.000000 0.000000 0.000000 1.000000
0.996886 0.032815 -0.071710 -0.000000 -0.045928 0.980775 -0.189662 10.993800 0.064108 0.192365 0.979227 0.920600 0.000000 0.000000 0.000000 1.000000
0.997032 0.028097 -0.071683 0.000000 -0.041376 0.980698 -0.191102 10.993800 0.064930 0.193501 0.978949 0.920600 0.000000 0.000000 0.000000 1.000000
0.997146 0.025707 -0.070984 -0.000000 -0.039018 0.980414 -0.193044 10.993800 0.064631 0.195263 0.978619 0.920600 0.000000 0.000000 0.000000 1.000000
0.997282 0.023595 -0.069805 0.000000 -0.036844 0.980093 -0.195089 10.993800 0.063812 0.197131 0.978298 0.920600 0.000000 0.000000 0.000000 1.000000
0.997237 0.020903 -0.071290 -0.000000 -0.034614 0.979812 -0.196903 10.993800 0.065735 0.198827 0.977828 0.920600 0.000000 0.000000 0.000000 1.000000
0.997183 0.017733 -0.072887 -0.000000 -0.031919 0.979611 -0.198354 10.993800 0.067884 0.200121 0.977417 0.920600 0.000000 0.000000 0.000000 1.000000
0.997357 0.015899 -0.070902 -0.000000 -0.029686 0.979779 -0.197870 10.993800 0.066323 0.199451 0.977661 0.920600 0.000000 0.000000 0.000000 1.000000
0.997456 0.014025 -0.069890 -0.000000 -0.027557 0.980095 -0.196609 10.993800 0.065742 0.198035 0.977988 0.920600 0.000000 0.000000 0.000000 1.000000
0.997403 0.010334 -0.071279 0.000000 -0.024220 0.980143 -0.196809 10.993800 0.067830 0.198025 0.977847 0.920600 0.000000 0.000000 0.000000 1.000000</float_array><technique_common><accessor source="#Spine-Matrix-animation-output-transform-array" count="116" stride="16"><param type="float4x4"/></accessor></technique_common></source><source id="Spine-Interpolations"><Name_array id="Spine-Interpolations-array" count="116">
