<?xml version="1.0" encoding="utf-8"?>
<COLLADA xmlns="http://www.collada.org/2005/11/COLLADASchema" version="1.4.1">
  <asset><contributor><author>Mixamo</author><authoring_tool>COLLADA Mixamo exporter</authoring_tool><comments></comments></contributor><created>2019-12-06T11:32:41Z</created><modified>2019-12-06T11:32:41Z</modified><revision></revision><title></title><unit meter="0.010000"/><up_axis>Y_UP</up_axis></asset>
  <library_animations>
    <animation id="mixamorig12_Hips-anim" name="mixamorig12_Hips"><source id="mixamorig12_Hips-Matrix-animation-input"><float_array id="mixamorig12_Hips-Matrix-animation-input-array" count="301">

0.000000 0.033333 0.066667 0.100000 0.133333 0.166667 0.200000 0.233333 0.266667 0.300000 0.333333 0.366667 0.400000 0.433333 0.466667 0.500000
0.533333 0.566667 0.600000 0.633333 0.666667 0.700000 0.733333 0.766667 0.800000 0.833333 0.866667 0.900000 0.933333 0.966667 1.000000 1.033333
1.066667 1.100000 1.133333 1.166667 1.200000 1.233333 1.266667 1.300000 1.333333 1.366667 1.400000 1.433333 1.466667 1.500000 1.533333 1.566667
1.600000 1.633333 1.666667 1.700000 1.733333 1.766667 1.800000 1.833333 1.866667 1.900000 1.933333 1.966667 2.000000 2.033333 2.066667 2.100000
2.133333 2.166667 2.200000 2.233333 2.266667 2.300000 2.333333 2.366667 2.400000 2.433333 2.466667 2.500000 2.533333 2.566667 2.600000 2.633333
2.666667 2.700000 2.733333 2.766667 2.800000 2.833333 2.866667 2.900000 2.933333 2.966667 3.000000 3.033333 3.066667 3.100000 3.133333 3.166667
3.200000 3.233333 3.266667 3.300000 3.333333 3.366667 3.400000 3.433333 3.466667 3.500000 3.533333 3.566667 3.600000 3.633333 3.666667 3.700000
3.733333 3.766667 3.800000 3.833333 3.866667 3.900000 3.933333 3.966667 4.000000 4.033333 4.066667 4.100000 4.133333 4.166667 4.200000 4.233333
4.266667 4.300000 4.333333 4.366667 4.400000 4.433333 4.466667 4.500000 4.533333 4.566667 4.600000 4.633333 4.666667 4.700000 4.733333 4.766667
4.800000 4.833333 4.866667 4.900000 4.933333 4.966667 5.000000 5.033333 5.066667 5.100000 5.133333 5.166667 5.200000 5.233333 5.266667 5.300000
5.333333 5.366667 5.400000 5.433333 5.466667 5.500000 5.533333 5.566667 5.600000 5.633333 5.666667 5.700000 5.733333 5.766667 5.800000 5.833333
5.866667 5.900000 5.933333 5.966667 6.000000 6.033333 6.066667 6.100000 6.133333 6.166667 6.200000 6.233333 6.266667 6.300000 6.333333 6.366667
6.400000 6.433333 6.466667 6.500000 6.533333 6.566667 6.600000 6.633333 6.666667 6.700000 6.733333 6.766667 6.800000 6.833333 6.866667 6.900000
6.933333 6.966667 7.000000 7.033333 7.066667 7.100000 7.133333 7.166667 7.200000 7.233333 7.266667 7.300000 7.333333 7.366667 7.400000 7.433333
7.466667 7.500000 7.533333 7.566667 7.600000 7.633333 7.666667 7.700000 7.733333 7.766667 7.800000 7.833333 7.866667 7.900000 7.933333 7.966667
8.000000 8.033333 8.066667 8.100000 8.133333 8.166667 8.200000 8.233333 8.266667 8.300000 8.333333 8.366667 8.400000 8.433333 8.466667 8.500000
8.533333 8.566667 8.600000 8.633333 8.666667 8.700000 8.733333 8.766667 8.800000 8.833333 8.866667 8.900000 8.933333 8.966667 9.000000 9.033333
9.066667 9.100000 9.133333 9.166667 9.200000 9.233333 9.266667 9.300000 9.333333 9.366667 9.400000 9.433333 9.466667 9.500000 9.533333 9.566667
9.600000 9.633333 9.666667 9.700000 9.733333 9.766667 9.800000 9.833333 9.866667 9.900000 9.933333 9.966667 10.000000</float_array><technique_common><accessor source="#mixamorig12_Hips-Matrix-animation-input-array" count="301"><param name="TIME" type="float"/></accessor></technique_common></source><source id="mixamorig12_Hips-Matrix-animation-output-transform"><float_array id="mixamorig12_Hips-Matrix-animation-output-transform-array" count="4816">

0.730241 0.049337 -0.681406 -0.027099 0.004976 0.996978 0.077518 92.638191 0.683172 -0.059998 0.727789 -0.825724 0.000000 0.000000 0.000000 1.000000
0.729935 0.049608 -0.681714 -0.014626 0.004975 0.996951 0.077875 92.647018 0.683498 -0.060235 0.727463 -0.836280 0.000000 0.000000 0.000000 1.000000
0.729716 0.049941 -0.681924 -0.000373 0.004904 0.996921 0.078258 92.656334 0.683732 -0.060450 0.727225 -0.842649 0.000000 0.000000 0.000000 1.000000
0.729713 0.050326 -0.681899 0.013865 0.004735 0.996892 0.078641 92.666817 0.683737 -0.060614 0.727207 -0.841844 0.000000 0.000000 0.000000 1.000000
0.729992 0.050736 -0.681570 0.025534 0.004519 0.996861 0.079047 92.678635 0.683440 -0.060784 0.727471 -0.831205 0.000000 0.000000 0.000000 1.000000
0.730488 0.051168 -0.681006 0.033099 0.004355 0.996820 0.079569 92.691399 0.682911 -0.061090 0.727942 -0.810151 0.000000 0.000000 0.000000 1.000000
0.731044 0.051628 -0.680374 0.037021 0.004303 0.996765 0.080260 92.705620 0.682317 -0.061601 0.728457 -0.780189 0.000000 0.000000 0.000000 1.000000
0.731490 0.052070 -0.679861 0.038875 0.004344 0.996704 0.081010 92.723564 0.681838 -0.062211 0.728853 -0.743208 0.000000 0.000000 0.000000 1.000000
0.731732 0.052411 -0.679574 0.040386 0.004413 0.996654 0.081617 92.747185 0.681578 -0.062721 0.729052 -0.700162 0.000000 0.000000 0.000000 1.000000
0.731755 0.052640 -0.679532 0.043633 0.004453 0.996622 0.081999 92.775139 0.681553 -0.063029 0.729049 -0.651732 0.000000 0.000000 0.000000 1.000000
0.731592 0.052844 -0.679692 0.051613 0.004464 0.996599 0.082287 92.802452 0.681728 -0.063234 0.728867 -0.599822 0.000000 0.000000 0.000000 1.000000
0.731334 0.053118 -0.679948 0.066572 0.004502 0.996565 0.082694 92.823509 0.682004 -0.063538 0.728583 -0.547724 0.000000 0.000000 0.000000 1.000000
0.731186 0.053486 -0.680078 0.086668 0.004611 0.996511 0.083331 92.836510 0.682162 -0.064066 0.728389 -0.498095 0.000000 0.000000 0.000000 1.000000
0.731376 0.053934 -0.679839 0.105990 0.004750 0.996441 0.084162 92.845573 0.681958 -0.064784 0.728516 -0.451272 0.000000 0.000000 0.000000 1.000000
0.731909 0.054438 -0.679225 0.118854 0.004815 0.996366 0.085044 92.858391 0.681386 -0.065515 0.728986 -0.406199 0.000000 0.000000 0.000000 1.000000
0.732466 0.054939 -0.678583 0.124976 0.004735 0.996303 0.085774 92.880554 0.680787 -0.066039 0.729498 -0.362956 0.000000 0.000000 0.000000 1.000000
0.732639 0.055355 -0.678362 0.128837 0.004532 0.996268 0.086190 92.911469 0.680602 -0.066220 0.729655 -0.323011 0.000000 0.000000 0.000000 1.000000
0.732306 0.055652 -0.678698 0.134809 0.004283 0.996259 0.086313 92.945145 0.680962 -0.066114 0.729328 -0.287153 0.000000 0.000000 0.000000 1.000000
0.731733 0.055882 -0.679297 0.143467 0.004062 0.996258 0.086333 92.974976 0.681580 -0.065932 0.728768 -0.253828 0.000000 0.000000 0.000000 1.000000
0.731301 0.056102 -0.679744 0.152571 0.003910 0.996250 0.086431 92.997337 0.682044 -0.065865 0.728339 -0.219883 0.000000 0.000000 0.000000 1.000000
0.731195 0.056308 -0.679841 0.159853 0.003842 0.996232 0.086646 93.013069 0.682158 -0.065967 0.728223 -0.182319 0.000000 0.000000 0.000000 1.000000
0.731345 0.056459 -0.679666 0.164459 0.003858 0.996209 0.086905 93.025658 0.681996 -0.066180 0.728355 -0.140148 0.000000 0.000000 0.000000 1.000000
0.731587 0.056535 -0.679400 0.166971 0.003940 0.996188 0.087139 93.038376 0.681737 -0.066427 0.728576 -0.094906 0.000000 0.000000 0.000000 1.000000
0.731780 0.056557 -0.679190 0.168513 0.004053 0.996172 0.087319 93.051842 0.681529 -0.066651 0.728750 -0.050039 0.000000 0.000000 0.000000 1.000000
0.731829 0.056533 -0.679139 0.170243 0.004169 0.996163 0.087415 93.064339 0.681475 -0.066804 0.728786 -0.010058 0.000000 0.000000 0.000000 1.000000
0.731684 0.056458 -0.679302 0.172898 0.004269 0.996165 0.087391 93.073929 0.681631 -0.066843 0.728636 0.020605 0.000000 0.000000 0.000000 1.000000
0.731387 0.056350 -0.679630 0.176059 0.004320 0.996178 0.087244 93.080627 0.681948 -0.066745 0.728348 0.039402 0.000000 0.000000 0.000000 1.000000
0.731075 0.056254 -0.679974 0.178613 0.004284 0.996197 0.087021 93.085632 0.682284 -0.066532 0.728054 0.046846 0.000000 0.000000 0.000000 1.000000
0.730839 0.056198 -0.680233 0.180168 0.004169 0.996219 0.086782 93.088654 0.682537 -0.066260 0.727841 0.044962 0.000000 0.000000 0.000000 1.000000
0.730669 0.056156 -0.680419 0.181956 0.004046 0.996238 0.086566 93.086403 0.682720 -0.066004 0.727693 0.034920 0.000000 0.000000 0.000000 1.000000
0.730545 0.056108 -0.680556 0.185381 0.003983 0.996252 0.086411 93.074646 0.682853 -0.065838 0.727583 0.016746 0.000000 0.000000 0.000000 1.000000
0.730525 0.056092 -0.680578 0.190637 0.003976 0.996254 0.086378 93.052986 0.682874 -0.065808 0.727566 -0.009219 0.000000 0.000000 0.000000 1.000000
0.730682 0.056170 -0.680404 0.196080 0.003958 0.996244 0.086495 93.026970 0.682707 -0.065893 0.727715 -0.041450 0.000000 0.000000 0.000000 1.000000
0.730968 0.056321 -0.680084 0.199352 0.003877 0.996230 0.086669 93.005455 0.682401 -0.065989 0.727994 -0.077402 0.000000 0.000000 0.000000 1.000000
0.731191 0.056406 -0.679837 0.199584 0.003760 0.996227 0.086701 92.994751 0.682163 -0.065951 0.728220 -0.114951 0.000000 0.000000 0.000000 1.000000
0.731145 0.056291 -0.679896 0.198707 0.003686 0.996250 0.086446 92.993454 0.682212 -0.065710 0.728196 -0.153763 0.000000 0.000000 0.000000 1.000000
0.730789 0.055993 -0.680303 0.200184 0.003697 0.996291 0.085972 92.992722 0.682593 -0.065343 0.727872 -0.195123 0.000000 0.000000 0.000000 1.000000
0.730330 0.055687 -0.680820 0.205309 0.003763 0.996328 0.085530 92.982155 0.683084 -0.065027 0.727439 -0.239589 0.000000 0.000000 0.000000 1.000000
0.730074 0.055519 -0.681109 0.211709 0.003830 0.996346 0.085320 92.957939 0.683357 -0.064898 0.727194 -0.284845 0.000000 0.000000 0.000000 1.000000
0.730151 0.055460 -0.681031 0.215649 0.003890 0.996347 0.085308 92.925438 0.683274 -0.064937 0.727268 -0.327012 0.000000 0.000000 0.000000 1.000000
0.730389 0.055370 -0.680783 0.215454 0.003976 0.996347 0.085302 92.894707 0.683020 -0.065011 0.727501 -0.363901 0.000000 0.000000 0.000000 1.000000
0.730481 0.055171 -0.680701 0.212204 0.004101 0.996359 0.085156 92.872993 0.682920 -0.064996 0.727595 -0.396892 0.000000 0.000000 0.000000 1.000000
0.730247 0.054896 -0.680974 0.207858 0.004240 0.996383 0.084869 92.860352 0.683170 -0.064863 0.727373 -0.429913 0.000000 0.000000 0.000000 1.000000
0.729749 0.054610 -0.681531 0.204168 0.004373 0.996412 0.084523 92.850868 0.683701 -0.064661 0.726892 -0.467217 0.000000 0.000000 0.000000 1.000000
0.729203 0.054345 -0.682136 0.202290 0.004489 0.996440 0.084184 92.837944 0.684283 -0.064450 0.726363 -0.511278 0.000000 0.000000 0.000000 1.000000
0.728807 0.054122 -0.682577 0.202468 0.004561 0.996465 0.083881 92.818916 0.684704 -0.064246 0.725984 -0.561764 0.000000 0.000000 0.000000 1.000000
0.728646 0.053948 -0.682763 0.203632 0.004564 0.996488 0.083608 92.795692 0.684876 -0.064037 0.725841 -0.615803 0.000000 0.000000 0.000000 1.000000
0.728689 0.053784 -0.682730 0.204477 0.004529 0.996511 0.083337 92.772720 0.684830 -0.063818 0.725903 -0.669657 0.000000 0.000000 0.000000 1.000000
0.728851 0.053569 -0.682574 0.204910 0.004521 0.996536 0.083037 92.753784 0.684657 -0.063607 0.726084 -0.720070 0.000000 0.000000 0.000000 1.000000
0.729021 0.053273 -0.682415 0.206597 0.004585 0.996564 0.082696 92.739174 0.684476 -0.063416 0.726272 -0.764536 0.000000 0.000000 0.000000 1.000000
0.729076 0.052922 -0.682384 0.211531 0.004714 0.996594 0.082326 92.726410 0.684417 -0.063239 0.726343 -0.800989 0.000000 0.000000 0.000000 1.000000
0.728937 0.052588 -0.682558 0.219739 0.004852 0.996623 0.081967 92.712814 0.684564 -0.063061 0.726220 -0.828381 0.000000 0.000000 0.000000 1.000000
0.728636 0.052354 -0.682898 0.229196 0.004936 0.996647 0.081674 92.698181 0.684884 -0.062882 0.725934 -0.847592 0.000000 0.000000 0.000000 1.000000
0.728288 0.052244 -0.683276 0.237446 0.004944 0.996663 0.081475 92.684296 0.685253 -0.062715 0.725600 -0.861431 0.000000 0.000000 0.000000 1.000000
0.728028 0.052192 -0.683558 0.242954 0.004911 0.996675 0.081329 92.672935 0.685530 -0.062567 0.725351 -0.873155 0.000000 0.000000 0.000000 1.000000
0.727933 0.052102 -0.683665 0.245555 0.004880 0.996690 0.081154 92.664719 0.685630 -0.062412 0.725269 -0.884877 0.000000 0.000000 0.000000 1.000000
0.728004 0.051929 -0.683603 0.246331 0.004862 0.996711 0.080892 92.659286 0.685555 -0.062214 0.725357 -0.897234 0.000000 0.000000 0.000000 1.000000
0.728134 0.051681 -0.683484 0.247181 0.004858 0.996739 0.080543 92.655663 0.685418 -0.061966 0.725508 -0.910091 0.000000 0.000000 0.000000 1.000000
0.728178 0.051387 -0.683458 0.249505 0.004889 0.996771 0.080152 92.652603 0.685370 -0.061706 0.725576 -0.922584 0.000000 0.000000 0.000000 1.000000
0.728073 0.051089 -0.683593 0.253187 0.004966 0.996800 0.079786 92.649323 0.685482 -0.061484 0.725489 -0.932357 0.000000 0.000000 0.000000 1.000000
0.727870 0.050858 -0.683826 0.256937 0.005053 0.996821 0.079515 92.646469 0.685696 -0.061332 0.725299 -0.935611 0.000000 0.000000 0.000000 1.000000
0.727682 0.050755 -0.684034 0.259466 0.005094 0.996831 0.079383 92.646111 0.685896 -0.061250 0.725117 -0.928876 0.000000 0.000000 0.000000 1.000000
0.727570 0.050780 -0.684152 0.260217 0.005065 0.996832 0.079375 92.650452 0.686015 -0.061216 0.725008 -0.910894 0.000000 0.000000 0.000000 1.000000
0.727489 0.050882 -0.684230 0.259336 0.004989 0.996828 0.079432 92.660675 0.686101 -0.061199 0.724927 -0.882983 0.000000 0.000000 0.000000 1.000000
0.727329 0.051013 -0.684390 0.257497 0.004902 0.996822 0.079510 92.675919 0.686271 -0.061185 0.724768 -0.847699 0.000000 0.000000 0.000000 1.000000
0.727025 0.051166 -0.684702 0.255103 0.004837 0.996813 0.079625 92.693916 0.686594 -0.061201 0.724460 -0.807278 0.000000 0.000000 0.000000 1.000000
0.726621 0.051366 -0.685116 0.251850 0.004808 0.996797 0.079833 92.712135 0.687022 -0.061302 0.724046 -0.763244 0.000000 0.000000 0.000000 1.000000
0.726250 0.051634 -0.685488 0.247041 0.004810 0.996769 0.080177 92.729332 0.687414 -0.061526 0.723655 -0.716891 0.000000 0.000000 0.000000 1.000000
0.726024 0.051963 -0.685704 0.240052 0.004825 0.996732 0.080641 92.746025 0.687653 -0.061855 0.723400 -0.669645 0.000000 0.000000 0.000000 1.000000
0.725960 0.052309 -0.685744 0.230772 0.004836 0.996690 0.081148 92.764069 0.687720 -0.062226 0.723305 -0.622705 0.000000 0.000000 0.000000 1.000000
0.725998 0.052622 -0.685681 0.219122 0.004834 0.996653 0.081606 92.785385 0.687680 -0.062560 0.723313 -0.576252 0.000000 0.000000 0.000000 1.000000
0.726050 0.052866 -0.685607 0.205745 0.004827 0.996624 0.081959 92.810532 0.687625 -0.062816 0.723343 -0.529329 0.000000 0.000000 0.000000 1.000000
0.726057 0.053029 -0.685586 0.192369 0.004850 0.996602 0.082221 92.838356 0.687617 -0.063022 0.723333 -0.480986 0.000000 0.000000 0.000000 1.000000
0.726015 0.053128 -0.685624 0.180945 0.004949 0.996582 0.082464 92.866089 0.687661 -0.063264 0.723270 -0.431580 0.000000 0.000000 0.000000 1.000000
0.725993 0.053223 -0.685639 0.171502 0.005127 0.996554 0.082787 92.890945 0.687683 -0.063618 0.723218 -0.382666 0.000000 0.000000 0.000000 1.000000
0.726087 0.053410 -0.685526 0.161951 0.005313 0.996513 0.083266 92.912231 0.687583 -0.064101 0.723271 -0.335432 0.000000 0.000000 0.000000 1.000000
0.726317 0.053753 -0.685255 0.150198 0.005415 0.996459 0.083904 92.931686 0.687338 -0.064652 0.723454 -0.290009 0.000000 0.000000 0.000000 1.000000
0.726576 0.054229 -0.684942 0.136303 0.005403 0.996399 0.084620 92.952271 0.687064 -0.065184 0.723667 -0.246246 0.000000 0.000000 0.000000 1.000000
0.726726 0.054722 -0.684744 0.122214 0.005344 0.996341 0.085295 92.975677 0.686906 -0.065645 0.723775 -0.204846 0.000000 0.000000 0.000000 1.000000
0.726746 0.055106 -0.684692 0.109501 0.005326 0.996295 0.085838 93.001045 0.686886 -0.066030 0.723760 -0.167280 0.000000 0.000000 0.000000 1.000000
0.726759 0.055328 -0.684660 0.098442 0.005383 0.996261 0.086222 93.025925 0.686871 -0.066349 0.723744 -0.134864 0.000000 0.000000 0.000000 1.000000
0.726920 0.055424 -0.684481 0.088617 0.005479 0.996238 0.086486 93.047295 0.686700 -0.066619 0.723882 -0.108110 0.000000 0.000000 0.000000 1.000000
0.727267 0.055478 -0.684109 0.080569 0.005572 0.996218 0.086712 93.062851 0.686332 -0.066875 0.724207 -0.086820 0.000000 0.000000 0.000000 1.000000
0.727673 0.055564 -0.683670 0.075247 0.005641 0.996195 0.086967 93.071938 0.685901 -0.067140 0.724591 -0.070194 0.000000 0.000000 0.000000 1.000000
0.727946 0.055712 -0.683367 0.072527 0.005662 0.996171 0.087246 93.076492 0.685611 -0.067380 0.724843 -0.057046 0.000000 0.000000 0.000000 1.000000
0.727973 0.055899 -0.683324 0.070602 0.005611 0.996152 0.087468 93.080078 0.685583 -0.067509 0.724857 -0.046144 0.000000 0.000000 0.000000 1.000000
0.727757 0.056045 -0.683541 0.067734 0.005503 0.996146 0.087535 93.085495 0.685813 -0.067466 0.724644 -0.036638 0.000000 0.000000 0.000000 1.000000
0.727389 0.056046 -0.683933 0.063991 0.005413 0.996160 0.087389 93.092712 0.686204 -0.067268 0.724292 -0.028345 0.000000 0.000000 0.000000 1.000000
0.726999 0.055864 -0.684362 0.060539 0.005408 0.996188 0.087063 93.098625 0.686617 -0.066996 0.723926 -0.022034 0.000000 0.000000 0.000000 1.000000
0.726731 0.055578 -0.684670 0.058270 0.005474 0.996221 0.086679 93.099136 0.686900 -0.066740 0.723681 -0.019615 0.000000 0.000000 0.000000 1.000000
0.726692 0.055329 -0.684732 0.057268 0.005516 0.996249 0.086355 93.092514 0.686941 -0.066531 0.723661 -0.023379 0.000000 0.000000 0.000000 1.000000
0.726877 0.055189 -0.684547 0.057259 0.005444 0.996272 0.086101 93.080795 0.686746 -0.066311 0.723866 -0.034536 0.000000 0.000000 0.000000 1.000000
0.727142 0.055122 -0.684271 0.057966 0.005243 0.996296 0.085828 93.067932 0.686468 -0.065997 0.724159 -0.052793 0.000000 0.000000 0.000000 1.000000
0.727299 0.055048 -0.684110 0.059212 0.004967 0.996330 0.085452 93.056854 0.686303 -0.065547 0.724356 -0.076810 0.000000 0.000000 0.000000 1.000000
0.727253 0.054917 -0.684169 0.061264 0.004680 0.996374 0.084951 93.047806 0.686353 -0.064983 0.724360 -0.105084 0.000000 0.000000 0.000000 1.000000
0.727039 0.054716 -0.684412 0.064971 0.004420 0.996426 0.084356 93.039062 0.686582 -0.064355 0.724199 -0.136449 0.000000 0.000000 0.000000 1.000000
0.726761 0.054469 -0.684727 0.071364 0.004204 0.996480 0.083730 93.028343 0.686877 -0.063730 0.723974 -0.170053 0.000000 0.000000 0.000000 1.000000
0.726543 0.054226 -0.684978 0.080459 0.004022 0.996528 0.083156 93.014259 0.687109 -0.063171 0.723803 -0.205101 0.000000 0.000000 0.000000 1.000000
0.726492 0.054024 -0.685048 0.091212 0.003856 0.996569 0.082680 92.996788 0.687164 -0.062708 0.723791 -0.240564 0.000000 0.000000 0.000000 1.000000
0.726641 0.053859 -0.684903 0.102320 0.003687 0.996602 0.082282 92.977013 0.687007 -0.062315 0.723974 -0.275535 0.000000 0.000000 0.000000 1.000000
0.726922 0.053692 -0.684618 0.113076 0.003514 0.996635 0.081893 92.956535 0.686711 -0.061935 0.724287 -0.309864 0.000000 0.000000 0.000000 1.000000
0.727193 0.053483 -0.684347 0.123274 0.003364 0.996670 0.081466 92.936462 0.686425 -0.061544 0.724591 -0.344326 0.000000 0.000000 0.000000 1.000000
0.727343 0.053225 -0.684207 0.133001 0.003275 0.996707 0.081016 92.916824 0.686266 -0.061167 0.724774 -0.380039 0.000000 0.000000 0.000000 1.000000
0.727357 0.052946 -0.684214 0.142185 0.003261 0.996741 0.080596 92.896362 0.686252 -0.060853 0.724814 -0.417695 0.000000 0.000000 0.000000 1.000000
0.727292 0.052682 -0.684304 0.150548 0.003298 0.996770 0.080243 92.874023 0.686321 -0.060617 0.724769 -0.457302 0.000000 0.000000 0.000000 1.000000
0.727214 0.052442 -0.684404 0.157744 0.003352 0.996794 0.079941 92.850174 0.686402 -0.060428 0.724707 -0.498631 0.000000 0.000000 0.000000 1.000000
0.727150 0.052216 -0.684490 0.163564 0.003402 0.996817 0.079655 92.826767 0.686471 -0.060250 0.724657 -0.541461 0.000000 0.000000 0.000000 1.000000
0.727093 0.052012 -0.684566 0.167885 0.003436 0.996838 0.079388 92.805405 0.686531 -0.060074 0.724615 -0.585617 0.000000 0.000000 0.000000 1.000000
0.727035 0.051859 -0.684639 0.170739 0.003449 0.996855 0.079172 92.786049 0.686591 -0.059922 0.724570 -0.630541 0.000000 0.000000 0.000000 1.000000
0.726978 0.051762 -0.684707 0.172587 0.003451 0.996867 0.079024 92.767899 0.686652 -0.059812 0.724522 -0.675493 0.000000 0.000000 0.000000 1.000000
0.726931 0.051686 -0.684762 0.174308 0.003467 0.996875 0.078925 92.750908 0.686701 -0.059747 0.724480 -0.719769 0.000000 0.000000 0.000000 1.000000
0.726918 0.051599 -0.684783 0.176804 0.003519 0.996880 0.078852 92.735413 0.686715 -0.059728 0.724468 -0.762804 0.000000 0.000000 0.000000 1.000000
0.726964 0.051512 -0.684741 0.180698 0.003596 0.996883 0.078811 92.721054 0.686667 -0.059755 0.724512 -0.803556 0.000000 0.000000 0.000000 1.000000
0.727058 0.051449 -0.684645 0.186572 0.003670 0.996883 0.078811 92.706680 0.686566 -0.059813 0.724603 -0.840941 0.000000 0.000000 0.000000 1.000000
0.727153 0.051419 -0.684547 0.195145 0.003720 0.996881 0.078832 92.692307 0.686465 -0.059869 0.724694 -0.874739 0.000000 0.000000 0.000000 1.000000
0.727208 0.051410 -0.684489 0.206443 0.003739 0.996880 0.078845 92.679024 0.686407 -0.059896 0.724747 -0.906054 0.000000 0.000000 0.000000 1.000000
0.727234 0.051407 -0.684462 0.219409 0.003737 0.996880 0.078843 92.668549 0.686380 -0.059895 0.724773 -0.936074 0.000000 0.000000 0.000000 1.000000
0.727271 0.051398 -0.684423 0.232613 0.003741 0.996880 0.078838 92.661674 0.686340 -0.059897 0.724810 -0.964755 0.000000 0.000000 0.000000 1.000000
0.727342 0.051368 -0.684350 0.245352 0.003781 0.996880 0.078846 92.658081 0.686265 -0.059936 0.724878 -0.990658 0.000000 0.000000 0.000000 1.000000
0.727438 0.051323 -0.684251 0.257887 0.003866 0.996876 0.078882 92.657112 0.686163 -0.060027 0.724967 -1.011637 0.000000 0.000000 0.000000 1.000000
0.727536 0.051290 -0.684149 0.270523 0.003979 0.996869 0.078965 92.658737 0.686058 -0.060172 0.725055 -1.025358 0.000000 0.000000 0.000000 1.000000
0.727612 0.051304 -0.684068 0.282914 0.004095 0.996857 0.079118 92.663216 0.685977 -0.060369 0.725115 -1.029906 0.000000 0.000000 0.000000 1.000000
0.727652 0.051401 -0.684018 0.294155 0.004193 0.996836 0.079369 92.670303 0.685934 -0.060621 0.725135 -1.024516 0.000000 0.000000 0.000000 1.000000
0.727636 0.051605 -0.684020 0.303691 0.004259 0.996807 0.079733 92.679153 0.685950 -0.060930 0.725093 -1.009518 0.000000 0.000000 0.000000 1.000000
0.727535 0.051916 -0.684104 0.311806 0.004289 0.996769 0.080205 92.689110 0.686057 -0.061286 0.724962 -0.985788 0.000000 0.000000 0.000000 1.000000
0.727352 0.052318 -0.684267 0.318583 0.004286 0.996724 0.080763 92.700478 0.686251 -0.061676 0.724745 -0.954441 0.000000 0.000000 0.000000 1.000000
0.727161 0.052783 -0.684435 0.323400 0.004249 0.996674 0.081378 92.713455 0.686454 -0.062083 0.724518 -0.916884 0.000000 0.000000 0.000000 1.000000
0.727079 0.053249 -0.684486 0.325323 0.004183 0.996626 0.081975 92.728485 0.686542 -0.062466 0.724402 -0.874459 0.000000 0.000000 0.000000 1.000000
0.727177 0.053627 -0.684352 0.324232 0.004104 0.996586 0.082455 92.746620 0.686438 -0.062768 0.724475 -0.828036 0.000000 0.000000 0.000000 1.000000
0.727408 0.053869 -0.684087 0.321065 0.004037 0.996561 0.082768 92.769562 0.686193 -0.062967 0.724689 -0.778008 0.000000 0.000000 0.000000 1.000000
0.727631 0.053998 -0.683840 0.316785 0.004008 0.996545 0.082955 92.797844 0.685957 -0.063102 0.724901 -0.724528 0.000000 0.000000 0.000000 1.000000
0.727703 0.054068 -0.683758 0.312020 0.004043 0.996533 0.083104 92.829468 0.685880 -0.063240 0.724961 -0.667786 0.000000 0.000000 0.000000 1.000000
0.727591 0.054138 -0.683872 0.307492 0.004143 0.996516 0.083296 92.860680 0.685999 -0.063439 0.724831 -0.608691 0.000000 0.000000 0.000000 1.000000
0.727416 0.054289 -0.684046 0.303334 0.004257 0.996489 0.083612 92.887688 0.686183 -0.063733 0.724631 -0.549220 0.000000 0.000000 0.000000 1.000000
0.727345 0.054587 -0.684098 0.298875 0.004319 0.996448 0.084103 92.909164 0.686259 -0.064127 0.724525 -0.491789 0.000000 0.000000 0.000000 1.000000
0.727434 0.055011 -0.683969 0.292717 0.004320 0.996394 0.084734 92.926926 0.686164 -0.064593 0.724574 -0.438144 0.000000 0.000000 0.000000 1.000000
0.727598 0.055445 -0.683759 0.284006 0.004317 0.996339 0.085386 92.944687 0.685990 -0.065079 0.724695 -0.388962 0.000000 0.000000 0.000000 1.000000
0.727713 0.055783 -0.683610 0.273429 0.004365 0.996290 0.085945 92.965286 0.685868 -0.065527 0.724770 -0.344154 0.000000 0.000000 0.000000 1.000000
0.727725 0.056001 -0.683579 0.262770 0.004455 0.996254 0.086360 92.988876 0.685854 -0.065892 0.724750 -0.303497 0.000000 0.000000 0.000000 1.000000
0.727662 0.056144 -0.683634 0.253363 0.004536 0.996229 0.086645 93.013588 0.685920 -0.066149 0.724664 -0.266791 0.000000 0.000000 0.000000 1.000000
0.727576 0.056274 -0.683715 0.245196 0.004584 0.996209 0.086872 93.036972 0.686011 -0.066340 0.724560 -0.234078 0.000000 0.000000 0.000000 1.000000
0.727530 0.056425 -0.683752 0.237082 0.004633 0.996186 0.087137 93.057266 0.686060 -0.066563 0.724493 -0.205561 0.000000 0.000000 0.000000 1.000000
0.727579 0.056598 -0.683685 0.227692 0.004725 0.996154 0.087494 93.073799 0.686008 -0.066889 0.724513 -0.181309 0.000000 0.000000 0.000000 1.000000
0.727739 0.056780 -0.683499 0.216723 0.004849 0.996116 0.087912 93.086746 0.685837 -0.067291 0.724638 -0.161211 0.000000 0.000000 0.000000 1.000000
0.727940 0.056962 -0.683270 0.204580 0.004952 0.996080 0.088316 93.096497 0.685623 -0.067672 0.724805 -0.145459 0.000000 0.000000 0.000000 1.000000
0.728051 0.057121 -0.683139 0.192108 0.005020 0.996052 0.088634 93.102959 0.685504 -0.067959 0.724890 -0.134586 0.000000 0.000000 0.000000 1.000000
0.727993 0.057220 -0.683192 0.180213 0.005085 0.996033 0.088840 93.105888 0.685566 -0.068149 0.724814 -0.128695 0.000000 0.000000 0.000000 1.000000
0.727812 0.057235 -0.683384 0.169343 0.005181 0.996024 0.088938 93.105209 0.685757 -0.068270 0.724622 -0.127282 0.000000 0.000000 0.000000 1.000000
0.727649 0.057170 -0.683563 0.158859 0.005298 0.996023 0.088942 93.101295 0.685929 -0.068340 0.724452 -0.129862 0.000000 0.000000 0.000000 1.000000
0.727625 0.057035 -0.683600 0.146911 0.005404 0.996030 0.088854 93.095139 0.685954 -0.068347 0.724428 -0.136237 0.000000 0.000000 0.000000 1.000000
0.727773 0.056830 -0.683459 0.131824 0.005483 0.996047 0.088660 93.088326 0.685796 -0.068272 0.724584 -0.145861 0.000000 0.000000 0.000000 1.000000
0.728018 0.056551 -0.683221 0.113431 0.005554 0.996073 0.088364 93.081985 0.685535 -0.068125 0.724845 -0.157864 0.000000 0.000000 0.000000 1.000000
0.728238 0.056211 -0.683015 0.093273 0.005662 0.996103 0.088014 93.075462 0.685301 -0.067962 0.725082 -0.171998 0.000000 0.000000 0.000000 1.000000
0.728355 0.055870 -0.682918 0.073656 0.005824 0.996129 0.087705 93.066696 0.685175 -0.067858 0.725211 -0.189295 0.000000 0.000000 0.000000 1.000000
0.728400 0.055609 -0.682891 0.056267 0.005986 0.996146 0.087503 93.054153 0.685126 -0.067825 0.725260 -0.211031 0.000000 0.000000 0.000000 1.000000
0.728479 0.055447 -0.682821 0.041649 0.006067 0.996158 0.087363 93.038162 0.685041 -0.067784 0.725344 -0.237932 0.000000 0.000000 0.000000 1.000000
0.728672 0.055294 -0.682627 0.029355 0.006047 0.996177 0.087146 93.020386 0.684836 -0.067629 0.725552 -0.270041 0.000000 0.000000 0.000000 1.000000
0.728966 0.055048 -0.682333 0.018519 0.005991 0.996210 0.086770 93.002647 0.684523 -0.067340 0.725874 -0.306850 0.000000 0.000000 0.000000 1.000000
0.729264 0.054713 -0.682041 0.008784 0.005962 0.996252 0.086294 92.985977 0.684206 -0.066998 0.726205 -0.347612 0.000000 0.000000 0.000000 1.000000
0.729473 0.054363 -0.681846 0.000260 0.005962 0.996293 0.085812 92.970337 0.683984 -0.066663 0.726445 -0.391731 0.000000 0.000000 0.000000 1.000000
0.729579 0.054022 -0.681759 -0.006868 0.005946 0.996336 0.085313 92.954826 0.683871 -0.066296 0.726585 -0.438949 0.000000 0.000000 0.000000 1.000000
0.729654 0.053631 -0.681711 -0.012375 0.005894 0.996389 0.084696 92.938652 0.683792 -0.065817 0.726703 -0.489010 0.000000 0.000000 0.000000 1.000000
0.729773 0.053139 -0.681621 -0.016309 0.005837 0.996454 0.083933 92.921997 0.683664 -0.065231 0.726876 -0.541102 0.000000 0.000000 0.000000 1.000000
0.729946 0.052561 -0.681481 -0.019697 0.005820 0.996525 0.083094 92.905731 0.683480 -0.064620 0.727103 -0.594146 0.000000 0.000000 0.000000 1.000000
0.730118 0.051941 -0.681344 -0.023907 0.005846 0.996596 0.082239 92.890366 0.683296 -0.064027 0.727329 -0.647133 0.000000 0.000000 0.000000 1.000000
0.730231 0.051308 -0.681271 -0.029643 0.005872 0.996668 0.081355 92.874908 0.683175 -0.063408 0.727496 -0.698901 0.000000 0.000000 0.000000 1.000000
0.730267 0.050695 -0.681279 -0.036465 0.005862 0.996741 0.080453 92.857559 0.683137 -0.062746 0.727590 -0.747600 0.000000 0.000000 0.000000 1.000000
0.730240 0.050155 -0.681347 -0.044020 0.005838 0.996807 0.079633 92.837128 0.683166 -0.062129 0.727616 -0.791190 0.000000 0.000000 0.000000 1.000000
0.730160 0.049712 -0.681465 -0.052867 0.005861 0.996857 0.078999 92.814133 0.683251 -0.061676 0.727574 -0.828680 0.000000 0.000000 0.000000 1.000000
0.730028 0.049330 -0.681634 -0.064079 0.005956 0.996894 0.078523 92.790344 0.683391 -0.061384 0.727467 -0.860277 0.000000 0.000000 0.000000 1.000000
0.729873 0.048941 -0.681828 -0.078102 0.006089 0.996929 0.078077 92.767944 0.683555 -0.061138 0.727334 -0.886374 0.000000 0.000000 0.000000 1.000000
0.729760 0.048511 -0.681980 -0.094842 0.006214 0.996968 0.077567 92.748695 0.683675 -0.060844 0.727246 -0.907156 0.000000 0.000000 0.000000 1.000000
0.729760 0.048047 -0.682013 -0.114257 0.006323 0.997011 0.077005 92.733025 0.683674 -0.060508 0.727275 -0.923274 0.000000 0.000000 0.000000 1.000000
0.729861 0.047577 -0.681937 -0.136056 0.006427 0.997053 0.076442 92.719849 0.683565 -0.060175 0.727405 -0.936131 0.000000 0.000000 0.000000 1.000000
0.729958 0.047139 -0.681864 -0.159071 0.006523 0.997093 0.075916 92.707161 0.683461 -0.059863 0.727529 -0.947053 0.000000 0.000000 0.000000 1.000000
0.729917 0.046778 -0.681933 -0.182390 0.006601 0.997127 0.075465 92.694031 0.683504 -0.059584 0.727511 -0.956301 0.000000 0.000000 0.000000 1.000000
0.729675 0.046517 -0.682210 -0.206694 0.006673 0.997152 0.075129 92.681366 0.683762 -0.059372 0.727286 -0.963174 0.000000 0.000000 0.000000 1.000000
0.729266 0.046328 -0.682661 -0.233948 0.006764 0.997168 0.074897 92.671455 0.684197 -0.059238 0.726887 -0.966610 0.000000 0.000000 0.000000 1.000000
0.728786 0.046176 -0.683183 -0.265850 0.006851 0.997182 0.074707 92.665337 0.684707 -0.059126 0.726416 -0.965542 0.000000 0.000000 0.000000 1.000000
0.728347 0.046092 -0.683657 -0.301823 0.006863 0.997194 0.074542 92.661293 0.685174 -0.058984 0.725987 -0.959181 0.000000 0.000000 0.000000 1.000000
0.728020 0.046155 -0.684000 -0.338940 0.006774 0.997198 0.074499 92.656013 0.685522 -0.058871 0.725668 -0.947297 0.000000 0.000000 0.000000 1.000000
0.727830 0.046391 -0.684186 -0.373877 0.006655 0.997184 0.074693 92.648163 0.685725 -0.058917 0.725472 -0.930118 0.000000 0.000000 0.000000 1.000000
0.727791 0.046720 -0.684205 -0.405204 0.006613 0.997152 0.075123 92.640312 0.685767 -0.059199 0.725410 -0.908115 0.000000 0.000000 0.000000 1.000000
0.727929 0.047020 -0.684039 -0.434334 0.006701 0.997110 0.075671 92.637993 0.685620 -0.059667 0.725510 -0.882072 0.000000 0.000000 0.000000 1.000000
0.728235 0.047211 -0.683699 -0.463084 0.006881 0.997070 0.076180 92.645966 0.685293 -0.060182 0.725777 -0.853225 0.000000 0.000000 0.000000 1.000000
0.728624 0.047287 -0.683280 -0.490857 0.007065 0.997042 0.076535 92.664337 0.684878 -0.060593 0.726134 -0.822914 0.000000 0.000000 0.000000 1.000000
0.728956 0.047323 -0.682923 -0.514506 0.007156 0.997026 0.076728 92.687805 0.684523 -0.060818 0.726450 -0.792305 0.000000 0.000000 0.000000 1.000000
0.729083 0.047449 -0.682779 -0.531206 0.007136 0.997013 0.076907 92.709045 0.684388 -0.060944 0.726566 -0.762091 0.000000 0.000000 0.000000 1.000000
0.728960 0.047765 -0.682888 -0.541224 0.007094 0.996982 0.077308 92.723358 0.684520 -0.061199 0.726421 -0.731816 0.000000 0.000000 0.000000 1.000000
0.728748 0.048264 -0.683079 -0.548357 0.007142 0.996923 0.078059 92.731812 0.684745 -0.061764 0.726161 -0.699113 0.000000 0.000000 0.000000 1.000000
0.728747 0.048831 -0.683040 -0.557793 0.007297 0.996844 0.079050 92.740585 0.684744 -0.062592 0.726091 -0.660414 0.000000 0.000000 0.000000 1.000000
0.729104 0.049319 -0.682623 -0.572319 0.007495 0.996765 0.080021 92.757332 0.684362 -0.063460 0.726376 -0.613810 0.000000 0.000000 0.000000 1.000000
0.729638 0.049654 -0.682029 -0.590613 0.007689 0.996702 0.080789 92.785835 0.683791 -0.064190 0.726849 -0.561016 0.000000 0.000000 0.000000 1.000000
0.730029 0.049897 -0.681592 -0.608619 0.007856 0.996653 0.081376 92.822914 0.683371 -0.064761 0.727193 -0.505747 0.000000 0.000000 0.000000 1.000000
0.730132 0.050172 -0.681462 -0.622478 0.007975 0.996607 0.081919 92.860802 0.683260 -0.065247 0.727255 -0.450719 0.000000 0.000000 0.000000 1.000000
0.730033 0.050543 -0.681540 -0.630556 0.008043 0.996557 0.082520 92.892830 0.683365 -0.065724 0.727113 -0.396754 0.000000 0.000000 0.000000 1.000000
0.729915 0.050980 -0.681634 -0.633747 0.008084 0.996501 0.083186 92.917496 0.683490 -0.066229 0.726949 -0.344189 0.000000 0.000000 0.000000 1.000000
0.729924 0.051427 -0.681591 -0.634585 0.008107 0.996444 0.083864 92.937477 0.683480 -0.066740 0.726912 -0.293898 0.000000 0.000000 0.000000 1.000000
0.730078 0.051823 -0.681396 -0.634902 0.008107 0.996393 0.084466 92.956177 0.683316 -0.067191 0.727025 -0.246531 0.000000 0.000000 0.000000 1.000000
0.730216 0.052101 -0.681227 -0.634183 0.008108 0.996357 0.084894 92.975571 0.683169 -0.067514 0.727133 -0.201937 0.000000 0.000000 0.000000 1.000000
0.730117 0.052231 -0.681323 -0.630475 0.008148 0.996338 0.085112 92.995834 0.683274 -0.067692 0.727018 -0.159651 0.000000 0.000000 0.000000 1.000000
0.729728 0.052277 -0.681736 -0.622910 0.008211 0.996331 0.085190 93.016006 0.683688 -0.067763 0.726622 -0.119761 0.000000 0.000000 0.000000 1.000000
0.729225 0.052360 -0.682268 -0.613007 0.008229 0.996325 0.085258 93.034897 0.684225 -0.067786 0.726114 -0.083233 0.000000 0.000000 0.000000 1.000000
0.728844 0.052534 -0.682662 -0.603089 0.008158 0.996315 0.085381 93.051369 0.684631 -0.067799 0.725729 -0.051483 0.000000 0.000000 0.000000 1.000000
0.728699 0.052747 -0.682800 -0.593905 0.008025 0.996303 0.085531 93.064011 0.684788 -0.067806 0.725581 -0.025629 0.000000 0.000000 0.000000 1.000000
0.728732 0.052920 -0.682751 -0.584396 0.007895 0.996294 0.085650 93.071480 0.684754 -0.067806 0.725613 -0.005841 0.000000 0.000000 0.000000 1.000000
0.728793 0.053024 -0.682678 -0.573059 0.007817 0.996288 0.085727 93.073647 0.684689 -0.067814 0.725673 0.007995 0.000000 0.000000 0.000000 1.000000
0.728801 0.053078 -0.682665 -0.559296 0.007804 0.996282 0.085793 93.071960 0.684681 -0.067854 0.725678 0.015659 0.000000 0.000000 0.000000 1.000000
0.728853 0.053112 -0.682607 -0.543394 0.007820 0.996276 0.085869 93.067825 0.684625 -0.067924 0.725724 0.016227 0.000000 0.000000 0.000000 1.000000
0.729102 0.053131 -0.682339 -0.525631 0.007815 0.996271 0.085926 93.061836 0.684360 -0.067981 0.725968 0.008726 0.000000 0.000000 0.000000 1.000000
0.729519 0.053100 -0.681897 -0.506035 0.007772 0.996274 0.085895 93.055054 0.683917 -0.067961 0.726388 -0.006923 0.000000 0.000000 0.000000 1.000000
0.729845 0.052983 -0.681556 -0.484706 0.007718 0.996290 0.085716 93.050163 0.683569 -0.067820 0.726728 -0.029724 0.000000 0.000000 0.000000 1.000000
0.729836 0.052797 -0.681580 -0.461781 0.007680 0.996317 0.085402 93.049393 0.683579 -0.067564 0.726743 -0.058470 0.000000 0.000000 0.000000 1.000000
0.729476 0.052592 -0.681981 -0.437418 0.007653 0.996350 0.085022 93.051895 0.683963 -0.067241 0.726411 -0.092769 0.000000 0.000000 0.000000 1.000000
0.728979 0.052409 -0.682527 -0.412080 0.007611 0.996383 0.084637 93.053848 0.684494 -0.066893 0.725943 -0.132375 0.000000 0.000000 0.000000 1.000000
0.728622 0.052249 -0.682921 -0.386993 0.007539 0.996414 0.084277 93.050728 0.684875 -0.066554 0.725615 -0.175909 0.000000 0.000000 0.000000 1.000000
0.728559 0.052076 -0.683001 -0.363219 0.007470 0.996442 0.083944 93.040268 0.684942 -0.066260 0.725578 -0.221121 0.000000 0.000000 0.000000 1.000000
0.728752 0.051843 -0.682813 -0.340717 0.007470 0.996469 0.083629 93.023262 0.684737 -0.066045 0.725791 -0.266851 0.000000 0.000000 0.000000 1.000000
0.729068 0.051548 -0.682497 -0.318778 0.007553 0.996493 0.083331 93.001976 0.684399 -0.065909 0.726122 -0.313489 0.000000 0.000000 0.000000 1.000000
0.729395 0.051271 -0.682169 -0.297491 0.007650 0.996514 0.083078 92.978447 0.684050 -0.065815 0.726460 -0.360752 0.000000 0.000000 0.000000 1.000000
0.729618 0.051096 -0.681944 -0.278086 0.007691 0.996529 0.082895 92.954628 0.683812 -0.065726 0.726692 -0.406257 0.000000 0.000000 0.000000 1.000000
0.729579 0.050993 -0.681993 -0.262104 0.007696 0.996541 0.082746 92.933128 0.683853 -0.065618 0.726663 -0.447872 0.000000 0.000000 0.000000 1.000000
0.729225 0.050852 -0.682382 -0.250812 0.007734 0.996559 0.082529 92.916771 0.684230 -0.065460 0.726322 -0.486545 0.000000 0.000000 0.000000 1.000000
0.728741 0.050609 -0.682917 -0.245314 0.007795 0.996588 0.082173 92.905991 0.684745 -0.065207 0.725860 -0.525426 0.000000 0.000000 0.000000 1.000000
0.728428 0.050328 -0.683271 -0.246153 0.007769 0.996627 0.081691 92.896988 0.685078 -0.064814 0.725580 -0.566039 0.000000 0.000000 0.000000 1.000000
0.728461 0.050139 -0.683250 -0.251759 0.007532 0.996672 0.081170 92.883095 0.685046 -0.064276 0.725659 -0.606788 0.000000 0.000000 0.000000 1.000000
0.728786 0.050133 -0.682904 -0.257608 0.007073 0.996712 0.080718 92.860100 0.684705 -0.063657 0.726035 -0.645593 0.000000 0.000000 0.000000 1.000000
0.729238 0.050258 -0.682412 -0.258061 0.006542 0.996741 0.080398 92.830139 0.684229 -0.063093 0.726533 -0.682912 0.000000 0.000000 0.000000 1.000000
0.729695 0.050361 -0.681915 -0.250631 0.006134 0.996762 0.080177 92.800255 0.683745 -0.062688 0.727024 -0.720646 0.000000 0.000000 0.000000 1.000000
0.730147 0.050312 -0.681436 -0.237638 0.005920 0.996782 0.079938 92.777306 0.683265 -0.062401 0.727499 -0.759046 0.000000 0.000000 0.000000 1.000000
0.730587 0.050081 -0.680981 -0.222848 0.005801 0.996815 0.079532 92.763748 0.682795 -0.062056 0.727970 -0.795994 0.000000 0.000000 0.000000 1.000000
0.730907 0.049719 -0.680664 -0.207372 0.005636 0.996869 0.078868 92.756477 0.682454 -0.061482 0.728338 -0.829157 0.000000 0.000000 0.000000 1.000000
0.730930 0.049324 -0.680667 -0.189141 0.005372 0.996938 0.078011 92.748817 0.682431 -0.060677 0.728427 -0.857652 0.000000 0.000000 0.000000 1.000000
0.730592 0.049007 -0.681054 -0.167081 0.005075 0.997004 0.077186 92.735100 0.682796 -0.059848 0.728154 -0.881680 0.000000 0.000000 0.000000 1.000000
0.730054 0.048848 -0.681641 -0.143827 0.004850 0.997047 0.076645 92.714897 0.683372 -0.059261 0.727661 -0.901286 0.000000 0.000000 0.000000 1.000000
0.729618 0.048872 -0.682106 -0.124543 0.004720 0.997059 0.076487 92.693153 0.683839 -0.059026 0.727242 -0.915822 0.000000 0.000000 0.000000 1.000000
0.729476 0.049048 -0.682246 -0.113057 0.004610 0.997051 0.076609 92.676376 0.683991 -0.059030 0.727098 -0.924435 0.000000 0.000000 0.000000 1.000000
0.729534 0.049279 -0.682167 -0.108350 0.004459 0.997037 0.076793 92.667343 0.683930 -0.059065 0.727153 -0.926719 0.000000 0.000000 0.000000 1.000000
0.729498 0.049427 -0.682195 -0.106097 0.004309 0.997034 0.076846 92.664520 0.683969 -0.058999 0.727121 -0.922691 0.000000 0.000000 0.000000 1.000000
0.729126 0.049414 -0.682593 -0.102955 0.004240 0.997045 0.076707 92.664276 0.684366 -0.058823 0.726762 -0.912338 0.000000 0.000000 0.000000 1.000000
0.728410 0.049281 -0.683366 -0.098842 0.004261 0.997065 0.076445 92.665565 0.685128 -0.058595 0.726062 -0.895119 0.000000 0.000000 0.000000 1.000000
0.727566 0.049121 -0.684277 -0.095752 0.004325 0.997085 0.076175 92.669212 0.686024 -0.058382 0.725233 -0.870301 0.000000 0.000000 0.000000 1.000000
0.726899 0.048977 -0.684996 -0.095610 0.004414 0.997100 0.075976 92.675468 0.686731 -0.058250 0.724574 -0.837951 0.000000 0.000000 0.000000 1.000000
0.726629 0.048854 -0.685291 -0.098925 0.004552 0.997104 0.075909 92.683273 0.687015 -0.058277 0.724303 -0.799408 0.000000 0.000000 0.000000 1.000000
