<?xml version="1.0" encoding="utf-8"?>
<COLLADA xmlns="http://www.collada.org/2005/11/COLLADASchema" version="1.4.1">
  <asset><contributor><author>Mixamo</author><authoring_tool>COLLADA Mixamo exporter</authoring_tool><comments></comments></contributor><created>2019-12-06T18:21:38Z</created><modified>2019-12-06T18:21:38Z</modified><revision></revision><title></title><unit meter="0.010000"/><up_axis>Y_UP</up_axis></asset>
  <library_animations>
    <animation id="mixamorig12_Hips-anim" name="mixamorig12_Hips"><source id="mixamorig12_Hips-Matrix-animation-input"><float_array id="mixamorig12_Hips-Matrix-animation-input-array" count="16">

0.000000 0.033333 0.066667 0.100000 0.133333 0.166667 0.200000 0.233333 0.266667 0.300000 0.333333 0.366667 0.400000 0.433333 0.466667 0.500000</float_array><technique_common><accessor source="#mixamorig12_Hips-Matrix-animation-input-array" count="16"><param name="TIME" type="float"/></accessor></technique_common></source><source id="mixamorig12_Hips-Matrix-animation-output-transform"><float_array id="mixamorig12_Hips-Matrix-animation-output-transform-array" count="256">

0.880675 0.039504 -0.472070 -0.080934 0.071918 0.973817 0.215658 89.103348 0.468229 -0.223875 0.854776 0.062806 0.000000 0.000000 0.000000 1.000000
0.877155 0.041256 -0.478433 -0.107790 0.075424 0.972101 0.222107 89.025032 0.474248 -0.230908 0.849571 0.381421 0.000000 0.000000 0.000000 1.000000
0.875718 0.041201 -0.481063 -0.157764 0.079696 0.970351 0.228184 88.913002 0.476201 -0.238163 0.846470 0.683944 0.000000 0.000000 0.000000 1.000000
0.876535 0.039826 -0.479687 -0.213521 0.084948 0.968129 0.235605 88.754990 0.473782 -0.247265 0.845216 0.841186 0.000000 0.000000 0.000000 1.000000
0.878308 0.039055 -0.476497 -0.244603 0.089756 0.965467 0.244576 88.547684 0.469594 -0.257582 0.844472 0.785154 0.000000 0.000000 0.000000 1.000000
0.880231 0.038871 -0.472950 -0.237460 0.093224 0.963054 0.252657 88.328033 0.465298 -0.266487 0.844087 0.553105 0.000000 0.000000 0.000000 1.000000
0.881868 0.038351 -0.469933 -0.206078 0.095061 0.961757 0.256878 88.158577 0.461813 -0.271205 0.844498 0.243808 0.000000 0.000000 0.000000 1.000000
0.882680 0.038143 -0.468424 -0.164782 0.094700 0.961822 0.256769 88.077957 0.460334 -0.271005 0.845369 -0.057384 0.000000 0.000000 0.000000 1.000000
0.882754 0.039224 -0.468195 -0.109408 0.092252 0.962641 0.254583 88.079353 0.460689 -0.267927 0.846157 -0.315330 0.000000 0.000000 0.000000 1.000000
0.882671 0.041240 -0.468179 -0.029170 0.088691 0.963630 0.252095 88.137352 0.461547 -0.264040 0.846910 -0.527144 0.000000 0.000000 0.000000 1.000000
0.882435 0.043355 -0.468432 0.075416 0.084574 0.964900 0.248626 88.231277 0.462769 -0.259013 0.847795 -0.688910 0.000000 0.000000 0.000000 1.000000
0.881548 0.045187 -0.469926 0.193134 0.080029 0.966698 0.243085 88.341164 0.465261 -0.251899 0.848575 -0.792179 0.000000 0.000000 0.000000 1.000000
0.880052 0.046648 -0.472581 0.314354 0.075482 0.968770 0.236192 88.446098 0.468840 -0.243532 0.849047 -0.838182 0.000000 0.000000 0.000000 1.000000
0.878731 0.047644 -0.474934 0.433446 0.071609 0.970586 0.229858 88.531876 0.471916 -0.235993 0.849472 -0.839068 0.000000 0.000000 0.000000 1.000000
0.878259 0.047970 -0.475772 0.542410 0.068962 0.971848 0.225290 88.594307 0.473186 -0.230673 0.850227 -0.812432 0.000000 0.000000 0.000000 1.000000
0.878652 0.047590 -0.475086 0.627732 0.067416 0.972686 0.222119 88.639557 0.472680 -0.227194 0.851444 -0.774617 0.000000 0.000000 0.000000 1.000000</float_array><technique_common><accessor source="#mixamorig12_Hips-Matrix-animation-output-transform-array" count="16" stride="16"><param type="float4x4"/></accessor></technique_common></source><source id="mixamorig12_Hips-Interpolations"><Name_array id="mixamorig12_Hips-Interpolations-array" count="16">
 LINEAR LINEAR LINEAR LINEAR LINEAR LINEAR LINEAR LINEAR LINEAR LINEAR LINEAR
LINEAR LINEAR LINEAR LINEAR LINEAR</Name_array><technique_common><accessor source="#mixamorig12_Hips-Interpolations-array" count="16"><param type="name"/></accessor></technique_common></source><sampler id="mixamorig12_Hips-Matrix-animation-transform"><input semantic="INPUT" source="#mixamorig12_Hips-Matrix-animation-input"/><input semantic="OUTPUT" source="#mixamorig12_Hips-Matrix-animation-output-transform"/><input semantic="INTERPOLATION" source="#mixamorig12_Hips-Interpolations"/></sampler><channel source="#mixamorig12_Hips-Matrix-animation-transform" target="mixamorig12_Hips/matrix"/></animation>
    <animation id="mixamorig12_Spine-anim" name="mixamorig12_Spine"><source id="mixamorig12_Spine-Matrix-animation-input"><float_array id="mixamorig12_Spine-Matrix-animation-input-array" count="16">

0.000000 0.033333 0.066667 0.100000 0.133333 0.166667 0.200000 0.233333 0.266667 0.300000 0.333333 0.366667 0.400000 0.433333 0.466667 0.500000</float_array><technique_common><accessor source="#mixamorig12_Spine-Matrix-animation-input-array" count="16"><param name="TIME" type="float"/></accessor></technique_common></source><source id="mixamorig12_Spine-Matrix-animation-output-transform"><float_array id="mixamorig12_Spine-Matrix-animation-output-transform-array" count="256">

0.999206 0.021702 0.033404 0.000000 -0.019818 0.998249 -0.055740 10.052400 -0.034555 0.055034 0.997886 -1.105100 0.000000 0.000000 0.000000 1.000000
0.999279 0.020250 0.032115 0.000000 -0.018543 0.998444 -0.052587 10.052400 -0.033130 0.051954 0.998100 -1.105100 0.000000 0.000000 0.000000 1.000000
0.999378 0.017749 0.030463 0.000000 -0.016239 0.998662 -0.049100 10.052400 -0.031294 0.048575 0.998329 -1.105100 0.000000 0.000000 0.000000 1.000000
0.999476 0.015433 0.028451 -0.000000 -0.014083 0.998794 -0.047040 10.052400 -0.029143 0.046614 0.998488 -1.105100 0.000000 0.000000 0.000000 1.000000
0.999535 0.014393 0.026868 0.000000 -0.013116 0.998803 -0.047131 10.052400 -0.027514 0.046757 0.998527 -1.105100 0.000000 0.000000 0.000000 1.000000
0.999546 0.014677 0.026319 0.000000 -0.013382 0.998724 -0.048705 10.052400 -0.027000 0.048331 0.998466 -1.105100 0.000000 0.000000 0.000000 1.000000
0.999525 0.015700 0.026535 -0.000000 -0.014343 0.998617 -0.050577 10.052400 -0.027293 0.050173 0.998368 -1.105100 0.000000 0.000000 0.000000 1.000000
0.999492 0.016976 0.026979 -0.000000 -0.015556 0.998525 -0.052020 10.052400 -0.027822 0.051573 0.998282 -1.105100 0.000000 0.000000 0.000000 1.000000
0.999455 0.018346 0.027441 0.000000 -0.016869 0.998445 -0.053126 10.052400 -0.028373 0.052634 0.998211 -1.105100 0.000000 0.000000 0.000000 1.000000
0.999416 0.019744 0.027894 0.000000 -0.018209 0.998361 -0.054252 10.052400 -0.028920 0.053712 0.998138 -1.105100 0.000000 0.000000 0.000000 1.000000
0.999380 0.020937 0.028323 0.000000 -0.019346 0.998281 -0.055328 10.052400 -0.029433 0.054745 0.998066 -1.105100 0.000000 0.000000 0.000000 1.000000
0.999350 0.021676 0.028804 0.000000 -0.020036 0.998227 -0.056053 10.052400 -0.029968 0.055439 0.998012 -1.105100 0.000000 0.000000 0.000000 1.000000
0.999325 0.021930 0.029470 0.000000 -0.020242 0.998203 -0.056408 10.052400 -0.030654 0.055773 0.997973 -1.105100 0.000000 0.000000 0.000000 1.000000
0.999301 0.021856 0.030337 -0.000000 -0.020112 0.998191 -0.056660 10.052400 -0.031520 0.056010 0.997933 -1.105100 0.000000 0.000000 0.000000 1.000000
0.999276 0.021654 0.031287 0.000000 -0.019845 0.998176 -0.057013 10.052400 -0.032465 0.056350 0.997883 -1.105100 0.000000 0.000000 0.000000 1.000000
0.999253 0.021436 0.032156 0.000000 -0.019564 0.998158 -0.057419 10.052400 -0.033328 0.056747 0.997832 -1.105100 0.000000 0.000000 0.000000 1.000000</float_array><technique_common><accessor source="#mixamorig12_Spine-Matrix-animation-output-transform-array" count="16" stride="16"><param type="float4x4"/></accessor></technique_common></source><source id="mixamorig12_Spine-Interpolations"><Name_array id="mixamorig12_Spine-Interpolations-array" count="16">
 LINEAR LINEAR LINEAR LINEAR LINEAR LINEAR LINEAR LINEAR LINEAR LINEAR LINEAR
LINEAR LINEAR LINEAR LINEAR LINEAR</Name_array><technique_common><accessor source="#mixamorig12_Spine-Interpolations-array" count="16"><param type="name"/></accessor></technique_common></source><sampler id="mixamorig12_Spine-Matrix-animation-transform"><input semantic="INPUT" source="#mixamorig12_Spine-Matrix-animation-input"/><input semantic="OUTPUT" source="#mixamorig12_Spine-Matrix-animation-output-transform"/><input semantic="INTERPOLATION" source="#mixamorig12_Spine-Interpolations"/></sampler><channel source="#mixamorig12_Spine-Matrix-animation-transform" target="mixamorig12_Spine/matrix"/></animation>
    <animation id="mixamorig12_Spine1-anim" name="mixamorig12_Spine1"><source id="mixamorig12_Spine1-Matrix-animation-input"><float_array id="mixamorig12_Spine1-Matrix-animation-input-array" count="16">

0.000000 0.033333 0.066667 0.100000 0.133333 0.166667 0.200000 0.233333 0.266667 0.300000 0.333333 0.366667 0.400000 0.433333 0.466667 0.500000</float_array><technique_common><accessor source="#mixamorig12_Spine1-Matrix-animation-input-array" count="16"><param name="TIME" type="float"/></accessor></technique_common></source><source id="mixamorig12_Spine1-Matrix-animation-output-transform"><float_array id="mixamorig12_Spine1-Matrix-animation-output-transform-array" count="256">

0.997070 0.043540 0.062892 -0.000000 -0.020819 0.945622 -0.324601 11.798400 -0.073605 0.322341 0.943758 -0.000000 0.000000 0.000000 0.000000 1.000000
0.997364 0.039987 0.060546 0.000000 -0.018657 0.947713 -0.318577 11.798400 -0.070119 0.316607 0.945961 -0.000000 0.000000 0.000000 0.000000 1.000000
0.997750 0.034249 0.057636 0.000000 -0.014594 0.950009 -0.311881 11.798400 -0.065436 0.310339 0.948371 0.000000 0.000000 0.000000 0.000000 1.000000
0.998129 0.028831 0.053926 0.000000 -0.010845 0.951356 -0.307904 11.798400 -0.060180 0.306743 0.949888 -0.000000 0.000000 0.000000 0.000000 1.000000
0.998366 0.026104 0.050824 0.000000 -0.009192 0.951324 -0.308056 11.798400 -0.056391 0.307085 0.950010 0.000000 0.000000 0.000000 0.000000 1.000000
0.998424 0.026298 0.049575 -0.000000 -0.009586 0.950344 -0.311054 11.798400 -0.055294 0.310088 0.949098 0.000000 0.000000 0.000000 0.000000 1.000000
0.998361 0.028234 0.049775 0.000000 -0.011156 0.949149 -0.314628 11.798400 -0.056127 0.313558 0.947909 0.000000 0.000000 0.000000 0.000000 1.000000
0.998249 0.030889 0.050446 0.000000 -0.013301 0.948201 -0.317394 11.798400 -0.057637 0.316167 0.946951 0.000000 0.000000 0.000000 0.000000 1.000000
0.998114 0.033900 0.051179 0.000000 -0.015795 0.947445 -0.319530 11.798400 -0.059322 0.318119 0.946193 0.000000 0.000000 0.000000 0.000000 1.000000
0.997964 0.037068 0.051898 -0.000000 -0.018433 0.946660 -0.321706 11.798400 -0.061055 0.320094 0.945416 -0.000000 0.000000 0.000000 0.000000 1.000000
0.997819 0.039879 0.052611 0.000000 -0.020732 0.945903 -0.323785 11.798400 -0.062677 0.321988 0.944667 0.000000 0.000000 0.000000 0.000000 1.000000
0.997691 0.041813 0.053513 0.000000 -0.022179 0.945389 -0.325188 11.798400 -0.064187 0.323251 0.944134 0.000000 0.000000 0.000000 0.000000 1.000000
0.997576 0.042794 0.054863 -0.000000 -0.022622 0.945142 -0.325876 11.798400 -0.065798 0.323845 0.943819 -0.000000 0.000000 0.000000 0.000000 1.000000
0.997463 0.043098 0.056657 -0.000000 -0.022292 0.944983 -0.326359 11.798400 -0.067605 0.324268 0.943546 -0.000000 0.000000 0.000000 0.000000 1.000000
0.997351 0.043080 0.058617 -0.000000 -0.021589 0.944770 -0.327023 11.798400 -0.069468 0.324891 0.943197 0.000000 0.000000 0.000000 0.000000 1.000000
0.997250 0.042943 0.060407 -0.000000 -0.020817 0.944523 -0.327785 11.798400 -0.071132 0.325626 0.942819 -0.000000 0.000000 0.000000 0.000000 1.000000</float_array><technique_common><accessor source="#mixamorig12_Spine1-Matrix-animation-output-transform-array" count="16" stride="16"><param type="float4x4"/></accessor></technique_common></source><source id="mixamorig12_Spine1-Interpolations"><Name_array id="mixamorig12_Spine1-Interpolations-array" count="16">
 LINEAR LINEAR LINEAR LINEAR LINEAR LINEAR LINEAR LINEAR LINEAR LINEAR LINEAR
LINEAR LINEAR LINEAR LINEAR LINEAR</Name_array><technique_common><accessor source="#mixamorig12_Spine1-Interpolations-array" count="16"><param type="name"/></accessor></technique_common></source><sampler id="mixamorig12_Spine1-Matrix-animation-transform"><input semantic="INPUT" source="#mixamorig12_Spine1-Matrix-animation-input"/><input semantic="OUTPUT" source="#mixamorig12_Spine1-Matrix-animation-output-transform"/><input semantic="INTERPOLATION" source="#mixamorig12_Spine1-Interpolations"/></sampler><channel source="#mixamorig12_Spine1-Matrix-animation-transform" target="mixamorig12_Spine1/matrix"/></animation>
    <animation id="mixamorig12_Spine2-anim" name="mixamorig12_Spine2"><source id="mixamorig12_Spine2-Matrix-animation-input"><float_array id="mixamorig12_Spine2-Matrix-animation-input-array" count="16">

0.000000 0.033333 0.066667 0.100000 0.133333 0.166667 0.200000 0.233333 0.266667 0.300000 0.333333 0.366667 0.400000 0.433333 0.466667 0.500000</float_array><technique_common><accessor source="#mixamorig12_Spine2-Matrix-animation-input-array" count="16"><param name="TIME" type="float"/></accessor></technique_common></source><source id="mixamorig12_Spine2-Matrix-animation-output-transform"><float_array id="mixamorig12_Spine2-Matrix-animation-output-transform-array" count="256">

0.997070 0.043540 0.062892 0.000000 -0.020819 0.945622 -0.324601 13.483900 -0.073605 0.322341 0.943758 -0.000000 0.000000 0.000000 0.000000 1.000000
0.997364 0.039987 0.060546 0.000000 -0.018657 0.947713 -0.318577 13.483900 -0.070119 0.316607 0.945961 0.000000 0.000000 0.000000 0.000000 1.000000
0.997750 0.034249 0.057636 0.000000 -0.014594 0.950009 -0.311881 13.483900 -0.065436 0.310338 0.948371 -0.000000 0.000000 0.000000 0.000000 1.000000
0.998129 0.028831 0.053926 -0.000000 -0.010845 0.951356 -0.307904 13.483900 -0.060180 0.306743 0.949888 0.000000 0.000000 0.000000 0.000000 1.000000
0.998366 0.026104 0.050824 0.000000 -0.009192 0.951324 -0.308056 13.483900 -0.056391 0.307086 0.950010 0.000000 0.000000 0.000000 0.000000 1.000000
0.998424 0.026298 0.049575 0.000000 -0.009586 0.950344 -0.311054 13.483900 -0.055294 0.310088 0.949098 0.000000 0.000000 0.000000 0.000000 1.000000
0.998361 0.028234 0.049775 0.000000 -0.011156 0.949149 -0.314629 13.483900 -0.056127 0.313558 0.947909 0.000000 0.000000 0.000000 0.000000 1.000000
0.998249 0.030889 0.050447 0.000000 -0.013301 0.948201 -0.317394 13.483900 -0.057637 0.316167 0.946951 0.000000 0.000000 0.000000 0.000000 1.000000
0.998114 0.033900 0.051179 0.000000 -0.015795 0.947445 -0.319530 13.483900 -0.059322 0.318119 0.946193 0.000000 0.000000 0.000000 0.000000 1.000000
0.997964 0.037068 0.051898 0.000000 -0.018433 0.946660 -0.321706 13.483900 -0.061055 0.320094 0.945416 0.000000 0.000000 0.000000 0.000000 1.000000
0.997819 0.039879 0.052611 -0.000000 -0.020732 0.945903 -0.323785 13.483900 -0.062677 0.321988 0.944667 0.000000 0.000000 0.000000 0.000000 1.000000
0.997691 0.041813 0.053513 0.000000 -0.022179 0.945389 -0.325188 13.483900 -0.064187 0.323250 0.944134 0.000000 0.000000 0.000000 0.000000 1.000000
0.997576 0.042794 0.054863 -0.000000 -0.022622 0.945142 -0.325876 13.483900 -0.065798 0.323845 0.943819 -0.000000 0.000000 0.000000 0.000000 1.000000
0.997463 0.043098 0.056657 0.000000 -0.022293 0.944983 -0.326359 13.483900 -0.067605 0.324268 0.943546 0.000000 0.000000 0.000000 0.000000 1.000000
0.997351 0.043080 0.058617 0.000000 -0.021589 0.944770 -0.327023 13.483900 -0.069468 0.324891 0.943197 -0.000000 0.000000 0.000000 0.000000 1.000000
0.997250 0.042943 0.060407 0.000000 -0.020817 0.944523 -0.327785 13.483900 -0.071132 0.325626 0.942819 0.000000 0.000000 0.000000 0.000000 1.000000</float_array><technique_common><accessor source="#mixamorig12_Spine2-Matrix-animation-output-transform-array" count="16" stride="16"><param type="float4x4"/></accessor></technique_common></source><source id="mixamorig12_Spine2-Interpolations"><Name_array id="mixamorig12_Spine2-Interpolations-array" count="16">
 LINEAR LINEAR LINEAR LINEAR LINEAR LINEAR LINEAR LINEAR LINEAR LINEAR LINEAR
LINEAR LINEAR LINEAR LINEAR LINEAR</Name_array><technique_common><accessor source="#mixamorig12_Spine2-Interpolations-array" count="16"><param type="name"/></accessor></technique_common></source><sampler id="mixamorig12_Spine2-Matrix-animation-transform"><input semantic="INPUT" source="#mixamorig12_Spine2-Matrix-animation-input"/><input semantic="OUTPUT" source="#mixamorig12_Spine2-Matrix-animation-output-transform"/><input semantic="INTERPOLATION" source="#mixamorig12_Spine2-Interpolations"/></sampler><channel source="#mixamorig12_Spine2-Matrix-animation-transform" target="mixamorig12_Spine2/matrix"/></animation>
    <animation id="mixamorig12_Neck-anim" name="mixamorig12_Neck"><source id="mixamorig12_Neck-Matrix-animation-input"><float_array id="mixamorig12_Neck-Matrix-animation-input-array" count="16">

0.000000 0.033333 0.066667 0.100000 0.133333 0.166667 0.200000 0.233333 0.266667 0.300000 0.333333 0.366667 0.400000 0.433333 0.466667 0.500000</float_array><technique_common><accessor source="#mixamorig12_Neck-Matrix-animation-input-array" count="16"><param name="TIME" type="float"/></accessor></technique_common></source><source id="mixamorig12_Neck-Matrix-animation-output-transform"><float_array id="mixamorig12_Neck-Matrix-animation-output-transform-array" count="256">

0.999469 0.001571 0.032556 0.000000 -0.001896 0.999948 0.009973 15.169400 -0.032538 -0.010029 0.999420 -0.000000 0.000000 0.000000 0.000000 1.000000
0.999453 -0.006950 0.032337 -0.000000 0.006544 0.999899 0.012642 15.169400 -0.032422 -0.012424 0.999397 -0.000000 0.000000 0.000000 0.000000 1.000000
0.999305 -0.016978 0.033194 0.000000 0.016486 0.999751 0.015024 15.169400 -0.033441 -0.014466 0.999336 0.000000 0.000000 0.000000 0.000000 1.000000
0.999015 -0.026477 0.035598 0.000000 0.025849 0.999504 0.017968 15.169400 -0.036056 -0.017030 0.999205 0.000000 0.000000 0.000000 0.000000 1.000000
0.998687 -0.034319 0.038035 0.000000 0.033494 0.999194 0.022111 15.169400 -0.038763 -0.020808 0.999032 -0.000000 0.000000 0.000000 0.000000 1.000000
0.998511 -0.038549 0.038610 0.000000 0.037571 0.998962 0.025737 15.169400 -0.039562 -0.024248 0.998923 0.000000 0.000000 0.000000 0.000000 1.000000
0.998599 -0.037454 0.037376 -0.000000 0.036480 0.998985 0.026416 15.169400 -0.038328 -0.025015 0.998952 0.000000 0.000000 0.000000 0.000000 1.000000
0.998828 -0.032230 0.036109 -0.000000 0.031396 0.999232 0.023435 15.169400 -0.036836 -0.022274 0.999073 0.000000 0.000000 0.000000 0.000000 1.000000
0.999004 -0.026346 0.036016 0.000000 0.025700 0.999502 0.018291 15.169400 -0.036480 -0.017347 0.999184 -0.000000 0.000000 0.000000 0.000000 1.000000
0.999087 -0.022058 0.036579 0.000000 0.021586 0.999679 0.013248 15.169400 -0.036860 -0.012446 0.999243 0.000000 0.000000 0.000000 0.000000 1.000000
0.999145 -0.019044 0.036703 -0.000000 0.018700 0.999778 0.009677 15.169400 -0.036879 -0.008982 0.999279 0.000000 0.000000 0.000000 0.000000 1.000000
0.999217 -0.016264 0.036066 -0.000000 0.015997 0.999842 0.007692 15.169400 -0.036185 -0.007109 0.999320 -0.000000 0.000000 0.000000 0.000000 1.000000
0.999290 -0.013623 0.035114 0.000000 0.013393 0.999887 0.006769 15.169400 -0.035202 -0.006294 0.999360 0.000000 0.000000 0.000000 0.000000 1.000000
0.999341 -0.011578 0.034391 0.000000 0.011369 0.999916 0.006277 15.169400 -0.034460 -0.005882 0.999389 -0.000000 0.000000 0.000000 0.000000 1.000000
0.999368 -0.010184 0.034051 -0.000000 0.009993 0.999933 0.005774 15.169400 -0.034108 -0.005430 0.999403 0.000000 0.000000 0.000000 0.000000 1.000000
0.999387 -0.008962 0.033846 -0.000000 0.008792 0.999948 0.005149 15.169400 -0.033891 -0.004848 0.999414 -0.000000 0.000000 0.000000 0.000000 1.000000</float_array><technique_common><accessor source="#mixamorig12_Neck-Matrix-animation-output-transform-array" count="16" stride="16"><param type="float4x4"/></accessor></technique_common></source><source id="mixamorig12_Neck-Interpolations"><Name_array id="mixamorig12_Neck-Interpolations-array" count="16">
 LINEAR LINEAR LINEAR LINEAR LINEAR LINEAR LINEAR LINEAR LINEAR LINEAR LINEAR
LINEAR LINEAR LINEAR LINEAR LINEAR</Name_array><technique_common><accessor source="#mixamorig12_Neck-Interpolations-array" count="16"><param type="name"/></accessor></technique_common></source><sampler id="mixamorig12_Neck-Matrix-animation-transform"><input semantic="INPUT" source="#mixamorig12_Neck-Matrix-animation-input"/><input semantic="OUTPUT" source="#mixamorig12_Neck-Matrix-animation-output-transform"/><input semantic="INTERPOLATION" source="#mixamorig12_Neck-Interpolations"/></sampler><channel source="#mixamorig12_Neck-Matrix-animation-transform" target="mixamorig12_Neck/matrix"/></animation>
    <animation id="mixamorig12_Head-anim" name="mixamorig12_Head"><source id="mixamorig12_Head-Matrix-animation-input"><float_array id="mixamorig12_Head-Matrix-animation-input-array" count="16">

0.000000 0.033333 0.066667 0.100000 0.133333 0.166667 0.200000 0.233333 0.266667 0.300000 0.333333 0.366667 0.400000 0.433333 0.466667 0.500000</float_array><technique_common><accessor source="#mixamorig12_Head-Matrix-animation-input-array" count="16"><param name="TIME" type="float"/></accessor></technique_common></source><source id="mixamorig12_Head-Matrix-animation-output-transform"><float_array id="mixamorig12_Head-Matrix-animation-output-transform-array" count="256">

0.999469 0.001571 0.032555 0.000000 -0.005440 0.992864 0.119128 7.383900 -0.032136 -0.119242 0.992345 2.849900 0.000000 0.000000 0.000000 1.000000
0.999453 -0.006950 0.032337 0.000000 0.002962 0.992553 0.121779 7.383900 -0.032943 -0.121616 0.992030 2.849900 0.000000 0.000000 0.000000 1.000000
0.999305 -0.016978 0.033194 -0.000000 0.012733 0.992183 0.124139 7.383900 -0.035042 -0.123630 0.991709 2.849900 0.000000 0.000000 0.000000 1.000000
0.999015 -0.026477 0.035598 0.000000 0.021754 0.991657 0.127052 7.383900 -0.038665 -0.126152 0.991257 2.849900 0.000000 0.000000 0.000000 1.000000
0.998687 -0.034319 0.038035 0.000000 0.029058 0.990936 0.131151 7.383900 -0.042191 -0.129874 0.990633 2.849900 0.000000 0.000000 0.000000 1.000000
0.998511 -0.038549 0.038610 0.000000 0.033023 0.990330 0.134743 7.383900 -0.043430 -0.133267 0.990128 2.849900 0.000000 0.000000 0.000000 1.000000
0.998599 -0.037454 0.037376 0.000000 0.032073 0.990269 0.135421 7.383900 -0.042084 -0.134032 0.990083 2.849900 0.000000 0.000000 0.000000 1.000000
0.998828 -0.032230 0.036109 0.000000 0.027183 0.990814 0.132471 7.383900 -0.040047 -0.131334 0.990529 2.849900 0.000000 0.000000 0.000000 1.000000
0.999004 -0.026346 0.036016 0.000000 0.021560 0.991621 0.127370 7.383900 -0.039070 -0.126467 0.991201 2.849900 0.000000 0.000000 0.000000 1.000000
0.999087 -0.022058 0.036579 0.000000 0.017429 0.992332 0.122364 7.383900 -0.038998 -0.121615 0.991811 2.849900 0.000000 0.000000 0.000000 1.000000
0.999145 -0.019044 0.036703 0.000000 0.014558 0.992809 0.118818 7.383900 -0.038702 -0.118182 0.992238 2.849900 0.000000 0.000000 0.000000 1.000000
0.999217 -0.016264 0.036066 0.000000 0.011946 0.993078 0.116850 7.383900 -0.037716 -0.116327 0.992495 2.849900 0.000000 0.000000 0.000000 1.000000
0.999290 -0.013623 0.035114 -0.000000 0.009466 0.993211 0.115937 7.383900 -0.036455 -0.115522 0.992636 2.849900 0.000000 0.000000 0.000000 1.000000
0.999341 -0.011578 0.034391 0.000000 0.007535 0.993285 0.115451 7.383900 -0.035496 -0.115116 0.992718 2.849900 0.000000 0.000000 0.000000 1.000000
0.999368 -0.010184 0.034051 0.000000 0.006206 0.993352 0.114952 7.383900 -0.034996 -0.114668 0.992787 2.849900 0.000000 0.000000 0.000000 1.000000
0.999387 -0.008962 0.033846 0.000000 0.005036 0.993430 0.114332 7.383900 -0.034649 -0.114091 0.992866 2.849900 0.000000 0.000000 0.000000 1.000000</float_array><technique_common><accessor source="#mixamorig12_Head-Matrix-animation-output-transform-array" count="16" stride="16"><param type="float4x4"/></accessor></technique_common></source><source id="mixamorig12_Head-Interpolations"><Name_array id="mixamorig12_Head-Interpolations-array" count="16">
 LINEAR LINEAR LINEAR LINEAR LINEAR LINEAR LINEAR LINEAR LINEAR LINEAR LINEAR
LINEAR LINEAR LINEAR LINEAR LINEAR</Name_array><technique_common><accessor source="#mixamorig12_Head-Interpolations-array" count="16"><param type="name"/></accessor></technique_common></source><sampler id="mixamorig12_Head-Matrix-animation-transform"><input semantic="INPUT" source="#mixamorig12_Head-Matrix-animation-input"/><input semantic="OUTPUT" source="#mixamorig12_Head-Matrix-animation-output-transform"/><input semantic="INTERPOLATION" source="#mixamorig12_Head-Interpolations"/></sampler><channel source="#mixamorig12_Head-Matrix-animation-transform" target="mixamorig12_Head/matrix"/></animation>
    <animation id="mixamorig12_LeftShoulder-anim" name="mixamorig12_LeftShoulder"><source id="mixamorig12_LeftShoulder-Matrix-animation-input"><float_array id="mixamorig12_LeftShoulder-Matrix-animation-input-array" count="16">

0.000000 0.033333 0.066667 0.100000 0.133333 0.166667 0.200000 0.233333 0.266667 0.300000 0.333333 0.366667 0.400000 0.433333 0.466667 0.500000</float_array><technique_common><accessor source="#mixamorig12_LeftShoulder-Matrix-animation-input-array" count="16"><param name="TIME" type="float"/></accessor></technique_common></source><source id="mixamorig12_LeftShoulder-Matrix-animation-output-transform"><float_array id="mixamorig12_LeftShoulder-Matrix-animation-output-transform-array" count="256">

0.542183 0.701854 -0.461994 7.052500 -0.710500 0.089410 -0.697994 13.015400 -0.448583 0.706688 0.547144 -0.256200 0.000000 0.000000 0.000000 1.000000
0.543178 0.704580 -0.456646 7.052500 -0.709453 0.094283 -0.698418 13.015400 -0.449037 0.703334 0.551078 -0.256200 0.000000 0.000000 0.000000 1.000000
0.544382 0.708467 -0.449136 7.052500 -0.708077 0.101031 -0.698870 13.015400 -0.449750 0.698475 0.556649 -0.256200 0.000000 0.000000 0.000000 1.000000
0.545384 0.712960 -0.440732 7.052500 -0.706714 0.108415 -0.699143 13.015400 -0.450679 0.692773 0.562987 -0.256200 0.000000 0.000000 0.000000 1.000000
0.546043 0.718291 -0.431155 7.052500 -0.705416 0.116597 -0.699138 13.015400 -0.451913 0.685903 0.570361 -0.256200 0.000000 0.000000 0.000000 1.000000
0.546304 0.722203 -0.424234 7.052500 -0.704593 0.122394 -0.698976 13.015400 -0.452879 0.680766 0.575724 -0.256200 0.000000 0.000000 0.000000 1.000000
0.546137 0.722502 -0.423940 7.052500 -0.704656 0.122566 -0.698883 13.015400 -0.452984 0.680418 0.576053 -0.256200 0.000000 0.000000 0.000000 1.000000
0.545629 0.720313 -0.428297 7.052500 -0.705360 0.118781 -0.698827 13.015400 -0.452501 0.683403 0.572890 -0.256200 0.000000 0.000000 0.000000 1.000000
0.545025 0.717720 -0.433388 7.052500 -0.706185 0.114343 -0.698733 13.015400 -0.451941 0.686879 0.569163 -0.256200 0.000000 0.000000 0.000000 1.000000
0.544453 0.715082 -0.438439 7.052500 -0.706988 0.109940 -0.698628 13.015400 -0.451375 0.690342 0.565411 -0.256200 0.000000 0.000000 0.000000 1.000000
0.543911 0.712184 -0.443796 7.052500 -0.707802 0.105283 -0.698521 13.015400 -0.450752 0.694053 0.561350 -0.256200 0.000000 0.000000 0.000000 1.000000
0.543438 0.709581 -0.448520 7.052500 -0.708516 0.101166 -0.698406 13.015400 -0.450201 0.697323 0.557727 -0.256200 0.000000 0.000000 0.000000 1.000000
0.543129 0.708028 -0.451339 7.052500 -0.708955 0.098694 -0.698314 13.015400 -0.449881 0.699254 0.555563 -0.256200 0.000000 0.000000 0.000000 1.000000
0.543013 0.707681 -0.452023 7.052500 -0.709083 0.098077 -0.698271 13.015400 -0.449820 0.699692 0.555062 -0.256200 0.000000 0.000000 0.000000 1.000000
0.543027 0.708092 -0.451362 7.052500 -0.709011 0.098635 -0.698265 13.015400 -0.449916 0.699197 0.555607 -0.256200 0.000000 0.000000 0.000000 1.000000
0.543071 0.708569 -0.450559 7.052500 -0.708910 0.099322 -0.698271 13.015400 -0.450023 0.698616 0.556251 -0.256200 0.000000 0.000000 0.000000 1.000000</float_array><technique_common><accessor source="#mixamorig12_LeftShoulder-Matrix-animation-output-transform-array" count="16" stride="16"><param type="float4x4"/></accessor></technique_common></source><source id="mixamorig12_LeftShoulder-Interpolations"><Name_array id="mixamorig12_LeftShoulder-Interpolations-array" count="16">
 LINEAR LINEAR LINEAR LINEAR LINEAR LINEAR LINEAR LINEAR LINEAR LINEAR LINEAR
LINEAR LINEAR LINEAR LINEAR LINEAR</Name_array><technique_common><accessor source="#mixamorig12_LeftShoulder-Interpolations-array" count="16"><param type="name"/></accessor></technique_common></source><sampler id="mixamorig12_LeftShoulder-Matrix-animation-transform"><input semantic="INPUT" source="#mixamorig12_LeftShoulder-Matrix-animation-input"/><input semantic="OUTPUT" source="#mixamorig12_LeftShoulder-Matrix-animation-output-transform"/><input semantic="INTERPOLATION" source="#mixamorig12_LeftShoulder-Interpolations"/></sampler><channel source="#mixamorig12_LeftShoulder-Matrix-animation-transform" target="mixamorig12_LeftShoulder/matrix"/></animation>
    <animation id="mixamorig12_LeftArm-anim" name="mixamorig12_LeftArm"><source id="mixamorig12_LeftArm-Matrix-animation-input"><float_array id="mixamorig12_LeftArm-Matrix-animation-input-array" count="16">

0.000000 0.033333 0.066667 0.100000 0.133333 0.166667 0.200000 0.233333 0.266667 0.300000 0.333333 0.366667 0.400000 0.433333 0.466667 0.500000</float_array><technique_common><accessor source="#mixamorig12_LeftArm-Matrix-animation-input-array" count="16"><param name="TIME" type="float"/></accessor></technique_common></source><source id="mixamorig12_LeftArm-Matrix-animation-output-transform"><float_array id="mixamorig12_LeftArm-Matrix-animation-output-transform-array" count="256">

0.815662 -0.541276 -0.204247 0.000000 0.252736 0.650959 -0.715805 14.673100 0.520405 0.532234 0.667762 0.000000 0.000000 0.000000 0.000000 1.000000
0.864300 -0.448794 -0.227089 0.000000 0.169131 0.684522 -0.709101 14.673100 0.473688 0.574469 0.667537 -0.000000 0.000000 0.000000 0.000000 1.000000
0.897424 -0.366307 -0.245866 0.000000 0.088648 0.695663 -0.712877 14.673100 0.432172 0.617957 0.656777 0.000000 0.000000 0.000000 0.000000 1.000000
0.912456 -0.321975 -0.252499 -0.000000 0.043779 0.690373 -0.722128 14.673100 0.406825 0.647856 0.644031 0.000000 0.000000 0.000000 0.000000 1.000000
0.915556 -0.319977 -0.243662 -0.000000 0.044738 0.683102 -0.728951 14.673100 0.399694 0.656495 0.639734 0.000000 0.000000 0.000000 0.000000 1.000000
0.911194 -0.345946 -0.223710 0.000000 0.078902 0.679506 -0.729415 14.673100 0.404350 0.646988 0.646458 -0.000000 0.000000 0.000000 0.000000 1.000000
0.901646 -0.382003 -0.202752 -0.000000 0.124587 0.678374 -0.724077 14.673100 0.414141 0.627600 0.659246 0.000000 0.000000 0.000000 0.000000 1.000000
0.888174 -0.417961 -0.190934 0.000000 0.163483 0.675753 -0.718770 14.673100 0.429442 0.607179 0.668516 -0.000000 0.000000 0.000000 0.000000 1.000000
0.871293 -0.451817 -0.191597 -0.000000 0.188525 0.668594 -0.719333 14.673100 0.453107 0.590629 0.667721 0.000000 0.000000 0.000000 0.000000 1.000000
0.853255 -0.482082 -0.198880 0.000000 0.203591 0.659038 -0.724030 14.673100 0.480111 0.577292 0.660475 0.000000 0.000000 0.000000 0.000000 1.000000
0.837996 -0.505475 -0.205567 0.000000 0.215054 0.652158 -0.726940 14.673100 0.501512 0.564965 0.655210 -0.000000 0.000000 0.000000 0.000000 1.000000
0.827071 -0.521108 -0.210711 0.000000 0.224366 0.649767 -0.726266 14.673100 0.515377 0.553398 0.654323 0.000000 0.000000 0.000000 0.000000 1.000000
0.818018 -0.532933 -0.216401 0.000000 0.230832 0.648760 -0.725139 14.673100 0.526843 0.543225 0.653715 0.000000 0.000000 0.000000 0.000000 1.000000
0.807985 -0.545770 -0.222023 -0.000000 0.236206 0.645252 -0.726538 14.673100 0.539784 0.534589 0.650268 0.000000 0.000000 0.000000 0.000000 1.000000
0.796810 -0.561037 -0.224345 0.000000 0.244095 0.638529 -0.729862 14.673100 0.552730 0.526801 0.645732 -0.000000 0.000000 0.000000 0.000000 1.000000
0.786629 -0.576455 -0.221166 -0.000000 0.256694 0.631120 -0.731980 14.673100 0.561536 0.519025 0.644430 0.000000 0.000000 0.000000 0.000000 1.000000</float_array><technique_common><accessor source="#mixamorig12_LeftArm-Matrix-animation-output-transform-array" count="16" stride="16"><param type="float4x4"/></accessor></technique_common></source><source id="mixamorig12_LeftArm-Interpolations"><Name_array id="mixamorig12_LeftArm-Interpolations-array" count="16">
 LINEAR LINEAR LINEAR LINEAR LINEAR LINEAR LINEAR LINEAR LINEAR LINEAR LINEAR
LINEAR LINEAR LINEAR LINEAR LINEAR</Name_array><technique_common><accessor source="#mixamorig12_LeftArm-Interpolations-array" count="16"><param type="name"/></accessor></technique_common></source><sampler id="mixamorig12_LeftArm-Matrix-animation-transform"><input semantic="INPUT" source="#mixamorig12_LeftArm-Matrix-animation-input"/><input semantic="OUTPUT" source="#mixamorig12_LeftArm-Matrix-animation-output-transform"/><input semantic="INTERPOLATION" source="#mixamorig12_LeftArm-Interpolations"/></sampler><channel source="#mixamorig12_LeftArm-Matrix-animation-transform" target="mixamorig12_LeftArm/matrix"/></animation>
    <animation id="mixamorig12_LeftForeArm-anim" name="mixamorig12_LeftForeArm"><source id="mixamorig12_LeftForeArm-Matrix-animation-input"><float_array id="mixamorig12_LeftForeArm-Matrix-animation-input-array" count="16">

0.000000 0.033333 0.066667 0.100000 0.133333 0.166667 0.200000 0.233333 0.266667 0.300000 0.333333 0.366667 0.400000 0.433333 0.466667 0.500000</float_array><technique_common><accessor source="#mixamorig12_LeftForeArm-Matrix-animation-input-array" count="16"><param name="TIME" type="float"/></accessor></technique_common></source><source id="mixamorig12_LeftForeArm-Matrix-animation-output-transform"><float_array id="mixamorig12_LeftForeArm-Matrix-animation-output-transform-array" count="256">

0.841811 -0.539640 0.011951 -0.000000 0.539347 0.840061 -0.058331 25.314699 0.021438 0.055550 0.998226 -0.000000 0.000000 0.000000 0.000000 1.000000
0.741624 -0.670438 0.022494 0.000000 0.670056 0.738773 -0.072380 25.314699 0.031908 0.068751 0.997123 0.000000 0.000000 0.000000 0.000000 1.000000
0.658613 -0.751824 0.031438 0.000000 0.751391 0.654835 -0.081258 25.314699 0.040505 0.077140 0.996197 0.000000 0.000000 0.000000 0.000000 1.000000
0.631696 -0.774458 0.034269 0.000000 0.774004 0.627622 -0.083714 25.314699 0.043325 0.079406 0.995900 0.000000 0.000000 0.000000 0.000000 1.000000
0.645860 -0.762757 0.032659 0.000000 0.762307 0.641952 -0.082376 25.314699 0.041867 0.078100 0.996066 0.000000 0.000000 0.000000 0.000000 1.000000
0.675528 -0.736747 0.029422 0.000000 0.736315 0.671958 -0.079452 25.314699 0.038766 0.075336 0.996404 0.000000 0.000000 0.000000 0.000000 1.000000
0.707902 -0.705834 0.025925 0.000000 0.705423 0.704697 -0.076023 25.314699 0.035390 0.072105 0.996769 0.000000 0.000000 0.000000 0.000000 1.000000
0.738243 -0.674154 0.022672 0.000000 0.673764 0.735375 -0.072562 25.314699 0.032246 0.068844 0.997106 0.000000 0.000000 0.000000 0.000000 1.000000
0.765376 -0.643279 0.019799 0.000000 0.642910 0.762806 -0.069241 25.314699 0.029438 0.065724 0.997403 0.000000 0.000000 0.000000 0.000000 1.000000
0.787503 -0.616062 0.017525 0.000000 0.615713 0.785169 -0.066384 25.314699 0.027136 0.063068 0.997640 0.000000 0.000000 0.000000 0.000000 1.000000
0.802272 -0.596743 0.016052 0.000000 0.596411 0.800092 -0.064396 25.314699 0.025585 0.061236 0.997795 0.000000 0.000000 0.000000 0.000000 1.000000
0.809719 -0.586617 0.015324 0.000000 0.586293 0.807617 -0.063365 25.314699 0.024795 0.060292 0.997873 0.000000 0.000000 0.000000 0.000000 1.000000
0.814135 -0.580484 0.014895 0.000000 0.580166 0.812079 -0.062737 25.314699 0.024322 0.059718 0.997919 -0.000000 0.000000 0.000000 0.000000 1.000000
0.821140 -0.570551 0.014186 0.000000 0.570240 0.819159 -0.061691 25.314699 0.023578 0.058747 0.997994 0.000000 0.000000 0.000000 0.000000 1.000000
0.832998 -0.553125 0.012966 0.000000 0.552826 0.831145 -0.059841 25.314699 0.022323 0.057015 0.998124 -0.000000 0.000000 0.000000 0.000000 1.000000
0.846808 -0.531773 0.011537 0.000000 0.531489 0.845107 -0.057564 25.314699 0.020861 0.054878 0.998275 0.000000 0.000000 0.000000 0.000000 1.000000</float_array><technique_common><accessor source="#mixamorig12_LeftForeArm-Matrix-animation-output-transform-array" count="16" stride="16"><param type="float4x4"/></accessor></technique_common></source><source id="mixamorig12_LeftForeArm-Interpolations"><Name_array id="mixamorig12_LeftForeArm-Interpolations-array" count="16">
 LINEAR LINEAR LINEAR LINEAR LINEAR LINEAR LINEAR LINEAR LINEAR LINEAR LINEAR
LINEAR LINEAR LINEAR LINEAR LINEAR</Name_array><technique_common><accessor source="#mixamorig12_LeftForeArm-Interpolations-array" count="16"><param type="name"/></accessor></technique_common></source><sampler id="mixamorig12_LeftForeArm-Matrix-animation-transform"><input semantic="INPUT" source="#mixamorig12_LeftForeArm-Matrix-animation-input"/><input semantic="OUTPUT" source="#mixamorig12_LeftForeArm-Matrix-animation-output-transform"/><input semantic="INTERPOLATION" source="#mixamorig12_LeftForeArm-Interpolations"/></sampler><channel source="#mixamorig12_LeftForeArm-Matrix-animation-transform" target="mixamorig12_LeftForeArm/matrix"/></animation>
    <animation id="mixamorig12_LeftHand-anim" name="mixamorig12_LeftHand"><source id="mixamorig12_LeftHand-Matrix-animation-input"><float_array id="mixamorig12_LeftHand-Matrix-animation-input-array" count="16">

0.000000 0.033333 0.066667 0.100000 0.133333 0.166667 0.200000 0.233333 0.266667 0.300000 0.333333 0.366667 0.400000 0.433333 0.466667 0.500000</float_array><technique_common><accessor source="#mixamorig12_LeftHand-Matrix-animation-input-array" count="16"><param name="TIME" type="float"/></accessor></technique_common></source><source id="mixamorig12_LeftHand-Matrix-animation-output-transform"><float_array id="mixamorig12_LeftHand-Matrix-animation-output-transform-array" count="256">

0.938372 0.011387 -0.345438 0.000000 0.222190 0.745693 0.628152 23.166300 0.264743 -0.666193 0.697207 0.000000 0.000000 0.000000 0.000000 1.000000
0.969624 0.056779 -0.237920 -0.000000 0.119150 0.739843 0.662145 23.166300 0.213619 -0.670380 0.710604 0.000000 0.000000 0.000000 0.000000 1.000000
0.978142 0.077615 -0.192908 0.000000 0.072987 0.740544 0.668032 23.166300 0.194706 -0.667510 0.718693 0.000000 0.000000 0.000000 0.000000 1.000000
0.975643 0.080515 -0.204056 -0.000000 0.079216 0.738125 0.669997 23.166300 0.204564 -0.669842 0.713768 0.000000 0.000000 0.000000 0.000000 1.000000
0.967346 0.129631 -0.217802 0.000000 0.053205 0.736315 0.674544 23.166300 0.247813 -0.664105 0.705374 -0.000000 0.000000 0.000000 0.000000 1.000000
0.952569 0.201813 -0.227782 0.000000 0.005673 0.736578 0.676329 23.166300 0.304271 -0.645542 0.700496 0.000000 0.000000 0.000000 0.000000 1.000000
0.936483 0.241113 -0.254686 0.000000 -0.006976 0.738856 0.673827 23.166300 0.350645 -0.629251 0.693608 0.000000 0.000000 0.000000 0.000000 1.000000
0.923431 0.251271 -0.290064 -0.000000 0.007791 0.743411 0.668790 23.166300 0.383685 -0.619841 0.684531 -0.000000 0.000000 0.000000 0.000000 1.000000
0.912942 0.264492 -0.310775 0.000000 0.008919 0.748422 0.663163 23.166300 0.407992 -0.608201 0.680907 0.000000 0.000000 0.000000 0.000000 1.000000
0.904467 0.287814 -0.314805 0.000000 -0.009692 0.751715 0.659417 23.166300 0.426433 -0.593370 0.682691 0.000000 0.000000 0.000000 0.000000 1.000000
0.896615 0.308665 -0.317500 0.000000 -0.027135 0.753964 0.656355 23.166300 0.441978 -0.579883 0.684391 -0.000000 0.000000 0.000000 0.000000 1.000000
0.889781 0.321135 -0.324286 0.000000 -0.035992 0.757714 0.651594 23.166300 0.454965 -0.568104 0.685758 -0.000000 0.000000 0.000000 0.000000 1.000000
0.885820 0.327449 -0.328785 -0.000000 -0.043412 0.763917 0.643852 23.166300 0.461994 -0.556064 0.690909 -0.000000 0.000000 0.000000 0.000000 1.000000
0.884638 0.328999 -0.330418 0.000000 -0.051184 0.772863 0.632505 23.166300 0.463461 -0.542626 0.700543 0.000000 0.000000 0.000000 0.000000 1.000000
