<?xml version="1.0" encoding="utf-8"?>
<COLLADA xmlns="http://www.collada.org/2005/11/COLLADASchema" version="1.4.1">
  <asset><contributor><author>Mixamo</author><authoring_tool>COLLADA Mixamo exporter</authoring_tool><comments></comments></contributor><created>2019-12-04T19:48:13Z</created><modified>2019-12-04T19:48:13Z</modified><revision></revision><title></title><unit meter="0.010000"/><up_axis>Y_UP</up_axis></asset>
  <library_animations>
    <animation id="mixamorig12_Hips-anim" name="mixamorig12_Hips"><source id="mixamorig12_Hips-Matrix-animation-input"><float_array id="mixamorig12_Hips-Matrix-animation-input-array" count="27">

0.000000 0.033333 0.066667 0.100000 0.133333 0.166667 0.200000 0.233333 0.266667 0.300000 0.333333 0.366667 0.400000 0.433333 0.466667 0.500000
0.533333 0.566667 0.600000 0.633333 0.666667 0.700000 0.733333 0.766667 0.800000 0.833333 0.866667</float_array><technique_common><accessor source="#mixamorig12_Hips-Matrix-animation-input-array" count="27"><param name="TIME" type="float"/></accessor></technique_common></source><source id="mixamorig12_Hips-Matrix-animation-output-transform"><float_array id="mixamorig12_Hips-Matrix-animation-output-transform-array" count="432">

0.907459 -0.092355 -0.409864 0.600418 -0.037724 0.953689 -0.298418 87.324051 0.418443 0.286264 0.861950 -1.323022 0.000000 0.000000 0.000000 1.000000
0.891858 -0.146315 -0.427998 0.351857 -0.022598 0.930640 -0.365238 89.315742 0.451751 0.335412 0.826692 -2.865189 0.000000 0.000000 0.000000 1.000000
0.879580 -0.195943 -0.433526 0.227172 -0.009035 0.904203 -0.427008 91.072968 0.475665 0.379504 0.793548 -3.093591 0.000000 0.000000 0.000000 1.000000
0.887467 -0.222818 -0.403429 0.297676 0.007787 0.882485 -0.470276 92.573425 0.460806 0.414213 0.784911 -2.916551 0.000000 0.000000 0.000000 1.000000
0.898407 -0.214925 -0.382977 0.604872 -0.003361 0.868670 -0.495380 93.527084 0.439150 0.446340 0.779697 -3.107521 0.000000 0.000000 0.000000 1.000000
0.895443 -0.191403 -0.401929 1.038530 -0.034254 0.870553 -0.490880 93.954697 0.443857 0.453323 0.772975 -2.391289 0.000000 0.000000 0.000000 1.000000
0.887827 -0.161724 -0.430823 1.569287 -0.070066 0.877788 -0.473897 94.146088 0.454812 0.450924 0.767993 -2.067897 0.000000 0.000000 0.000000 1.000000
0.886923 -0.132262 -0.442576 2.114932 -0.094550 0.885861 -0.454214 93.469994 0.452136 0.444699 0.773185 -2.083833 0.000000 0.000000 0.000000 1.000000
0.900600 -0.104422 -0.421920 2.645762 -0.099948 0.894947 -0.434834 92.159531 0.423002 0.433781 0.795552 -2.362147 0.000000 0.000000 0.000000 1.000000
0.922885 -0.078589 -0.376972 3.144746 -0.092136 0.905453 -0.414326 90.773499 0.373892 0.417108 0.828388 -4.005134 0.000000 0.000000 0.000000 1.000000
0.951188 -0.050931 -0.304381 3.614475 -0.077879 0.914754 -0.396434 89.180672 0.298624 0.400788 0.866137 -5.552153 0.000000 0.000000 0.000000 1.000000
0.966662 -0.024387 -0.254892 4.006212 -0.073334 0.927389 -0.366840 87.720512 0.245330 0.373303 0.894683 -7.843863 0.000000 0.000000 0.000000 1.000000
0.971482 0.001174 -0.237109 4.305644 -0.080531 0.942180 -0.325286 86.780937 0.223017 0.335104 0.915406 -10.039953 0.000000 0.000000 0.000000 1.000000
0.971490 0.025769 -0.235674 4.499485 -0.093865 0.954650 -0.282546 87.017799 0.217706 0.296612 0.929853 -10.812656 0.000000 0.000000 0.000000 1.000000
0.967176 0.050785 -0.248980 4.575683 -0.112719 0.963892 -0.241259 88.515305 0.227738 0.261405 0.937978 -9.896605 0.000000 0.000000 0.000000 1.000000
0.960270 0.071743 -0.269693 4.524717 -0.132797 0.967435 -0.215485 90.482613 0.245451 0.242739 0.938526 -9.243599 0.000000 0.000000 0.000000 1.000000
0.949805 0.086719 -0.300582 4.361639 -0.153026 0.966806 -0.204619 92.092331 0.272861 0.240345 0.931548 -7.820982 0.000000 0.000000 0.000000 1.000000
0.941916 0.094145 -0.322382 4.099856 -0.174927 0.956946 -0.231636 93.521568 0.286695 0.274575 0.917831 -6.610199 0.000000 0.000000 0.000000 1.000000
0.938737 0.094720 -0.331363 3.759718 -0.190179 0.944216 -0.268866 94.253738 0.287412 0.315413 0.904383 -6.051349 0.000000 0.000000 0.000000 1.000000
0.939661 0.081521 -0.332251 3.341085 -0.185149 0.937851 -0.293521 94.644661 0.287674 0.337326 0.896356 -4.456791 0.000000 0.000000 0.000000 1.000000
0.941234 0.069052 -0.330622 2.901802 -0.173647 0.938534 -0.298330 93.785561 0.289700 0.338210 0.895370 -2.613100 0.000000 0.000000 0.000000 1.000000
0.940942 0.049961 -0.334860 2.441061 -0.155292 0.942564 -0.295732 92.526848 0.300852 0.330268 0.894657 -0.570779 0.000000 0.000000 0.000000 1.000000
0.937816 0.026076 -0.346151 1.982538 -0.130411 0.950596 -0.281709 90.843643 0.321704 0.309333 0.894885 1.195940 0.000000 0.000000 0.000000 1.000000
0.933225 0.007362 -0.359216 1.589076 -0.105210 0.961564 -0.253625 89.104103 0.343542 0.274482 0.898130 1.734535 0.000000 0.000000 0.000000 1.000000
0.927353 -0.014655 -0.373899 1.240365 -0.078551 0.969343 -0.232816 87.596085 0.365849 0.245273 0.897773 1.408920 0.000000 0.000000 0.000000 1.000000
0.919560 -0.048110 -0.389994 0.914549 -0.056279 0.966121 -0.251879 86.768890 0.388899 0.253566 0.885699 0.431449 0.000000 0.000000 0.000000 1.000000
0.907459 -0.092354 -0.409864 0.600413 -0.037724 0.953689 -0.298418 87.324036 0.418443 0.286264 0.861950 -1.323022 0.000000 0.000000 0.000000 1.000000</float_array><technique_common><accessor source="#mixamorig12_Hips-Matrix-animation-output-transform-array" count="27" stride="16"><param type="float4x4"/></accessor></technique_common></source><source id="mixamorig12_Hips-Interpolations"><Name_array id="mixamorig12_Hips-Interpolations-array" count="27">
 LINEAR LINEAR LINEAR LINEAR LINEAR LINEAR LINEAR LINEAR LINEAR LINEAR LINEAR
LINEAR LINEAR LINEAR LINEAR LINEAR LINEAR LINEAR LINEAR LINEAR LINEAR LINEAR LINEAR
LINEAR LINEAR LINEAR LINEAR</Name_array><technique_common><accessor source="#mixamorig12_Hips-Interpolations-array" count="27"><param type="name"/></accessor></technique_common></source><sampler id="mixamorig12_Hips-Matrix-animation-transform"><input semantic="INPUT" source="#mixamorig12_Hips-Matrix-animation-input"/><input semantic="OUTPUT" source="#mixamorig12_Hips-Matrix-animation-output-transform"/><input semantic="INTERPOLATION" source="#mixamorig12_Hips-Interpolations"/></sampler><channel source="#mixamorig12_Hips-Matrix-animation-transform" target="mixamorig12_Hips/matrix"/></animation>
    <animation id="mixamorig12_Spine-anim" name="mixamorig12_Spine"><source id="mixamorig12_Spine-Matrix-animation-input"><float_array id="mixamorig12_Spine-Matrix-animation-input-array" count="27">

0.000000 0.033333 0.066667 0.100000 0.133333 0.166667 0.200000 0.233333 0.266667 0.300000 0.333333 0.366667 0.400000 0.433333 0.466667 0.500000
0.533333 0.566667 0.600000 0.633333 0.666667 0.700000 0.733333 0.766667 0.800000 0.833333 0.866667</float_array><technique_common><accessor source="#mixamorig12_Spine-Matrix-animation-input-array" count="27"><param name="TIME" type="float"/></accessor></technique_common></source><source id="mixamorig12_Spine-Matrix-animation-output-transform"><float_array id="mixamorig12_Spine-Matrix-animation-output-transform-array" count="432">

0.980083 0.168864 -0.104510 0.000000 -0.198113 0.867787 -0.455737 10.052400 0.013735 0.467365 0.883958 -1.105100 0.000000 0.000000 0.000000 1.000000
0.969170 0.234102 -0.076844 0.000000 -0.245712 0.895140 -0.371955 10.052400 -0.018289 0.379369 0.925065 -1.105100 0.000000 0.000000 0.000000 1.000000
0.958249 0.281647 -0.049339 0.000000 -0.283764 0.915482 -0.285257 10.052400 -0.035173 0.287348 0.957180 -1.105100 0.000000 0.000000 0.000000 1.000000
0.957921 0.286061 -0.023610 -0.000000 -0.284648 0.936158 -0.206358 10.052400 -0.036928 0.204395 0.978192 -1.105100 0.000000 0.000000 0.000000 1.000000
0.966167 0.257914 0.001135 0.000000 -0.255383 0.957283 -0.135609 10.052400 -0.036062 0.130731 0.990762 -1.105100 0.000000 0.000000 0.000000 1.000000
0.973819 0.226307 0.021479 0.000000 -0.223651 0.970714 -0.087721 10.052400 -0.040702 0.080621 0.995913 -1.105100 0.000000 0.000000 0.000000 1.000000
0.977009 0.210479 0.033949 -0.000000 -0.206153 0.973264 -0.101279 10.052400 -0.054358 0.091951 0.994279 -1.105100 0.000000 0.000000 0.000000 1.000000
0.978943 0.201639 0.031827 0.000000 -0.195628 0.971215 -0.135910 10.052400 -0.058316 0.126822 0.990210 -1.105100 0.000000 0.000000 0.000000 1.000000
0.981993 0.188874 0.004171 0.000000 -0.185229 0.966916 -0.175397 10.052400 -0.037161 0.171465 0.984489 -1.105100 0.000000 0.000000 0.000000 1.000000
0.984351 0.172971 -0.033672 -0.000000 -0.176106 0.958784 -0.222980 10.052400 -0.006285 0.225421 0.974241 -1.105100 0.000000 0.000000 0.000000 1.000000
0.985990 0.151726 -0.069308 -0.000000 -0.165202 0.945722 -0.279855 10.052400 0.023085 0.287384 0.957537 -1.105100 0.000000 0.000000 0.000000 1.000000
0.984944 0.137853 -0.104320 0.000000 -0.165896 0.923431 -0.346054 10.052400 0.048627 0.358150 0.932397 -1.105100 0.000000 0.000000 0.000000 1.000000
0.983086 0.123403 -0.135331 0.000000 -0.169199 0.894786 -0.413195 10.052400 0.070103 0.429104 0.900531 -1.105100 0.000000 0.000000 0.000000 1.000000
0.982506 0.086103 -0.165128 0.000000 -0.155330 0.868029 -0.471591 10.052400 0.102731 0.488990 0.866219 -1.105100 0.000000 0.000000 0.000000 1.000000
0.980435 0.056961 -0.188419 -0.000000 -0.148210 0.843550 -0.516194 10.052400 0.129538 0.534021 0.835489 -1.105100 0.000000 0.000000 0.000000 1.000000
0.976561 0.048923 -0.209607 0.000000 -0.153884 0.839579 -0.520986 10.052400 0.150493 0.541030 0.827429 -1.105100 0.000000 0.000000 0.000000 1.000000
0.971349 0.046339 -0.233097 0.000000 -0.158852 0.856115 -0.491766 10.052400 0.176770 0.514704 0.838947 -1.105100 0.000000 0.000000 0.000000 1.000000
0.965698 0.032305 -0.257652 0.000000 -0.143976 0.892359 -0.427745 10.052400 0.216100 0.450168 0.866400 -1.105100 0.000000 0.000000 0.000000 1.000000
0.961527 0.017059 -0.274181 -0.000000 -0.126582 0.913314 -0.387085 10.052400 0.243810 0.406899 0.880335 -1.105100 0.000000 0.000000 0.000000 1.000000
0.959741 0.003028 -0.280869 -0.000000 -0.107691 0.927496 -0.357986 10.052400 0.259420 0.373822 0.890482 -1.105100 0.000000 0.000000 0.000000 1.000000
0.961868 -0.000166 -0.273515 -0.000000 -0.097825 0.933643 -0.344587 10.052400 0.255423 0.358204 0.898025 -1.105100 0.000000 0.000000 0.000000 1.000000
0.966522 0.010128 -0.256383 -0.000000 -0.101593 0.932664 -0.346147 10.052400 0.235613 0.360605 0.902469 -1.105100 0.000000 0.000000 0.000000 1.000000
0.971740 0.027812 -0.234408 -0.000000 -0.115566 0.921938 -0.369696 10.052400 0.205828 0.386339 0.899098 -1.105100 0.000000 0.000000 0.000000 1.000000
0.976874 0.052352 -0.207309 0.000000 -0.143897 0.878105 -0.456317 10.052400 0.158150 0.475595 0.865331 -1.105100 0.000000 0.000000 0.000000 1.000000
0.979791 0.088513 -0.179374 0.000000 -0.175706 0.809400 -0.560357 10.052400 0.095587 0.580550 0.808595 -1.105100 0.000000 0.000000 0.000000 1.000000
0.982482 0.116518 -0.145440 0.000000 -0.176821 0.829309 -0.530076 10.052400 0.058852 0.546507 0.835384 -1.105100 0.000000 0.000000 0.000000 1.000000
0.980082 0.168872 -0.104510 0.000000 -0.198120 0.867789 -0.455730 10.052400 0.013733 0.467359 0.883961 -1.105100 0.000000 0.000000 0.000000 1.000000</float_array><technique_common><accessor source="#mixamorig12_Spine-Matrix-animation-output-transform-array" count="27" stride="16"><param type="float4x4"/></accessor></technique_common></source><source id="mixamorig12_Spine-Interpolations"><Name_array id="mixamorig12_Spine-Interpolations-array" count="27">
 LINEAR LINEAR LINEAR LINEAR LINEAR LINEAR LINEAR LINEAR LINEAR LINEAR LINEAR
LINEAR LINEAR LINEAR LINEAR LINEAR LINEAR LINEAR LINEAR LINEAR LINEAR LINEAR LINEAR
LINEAR LINEAR LINEAR LINEAR</Name_array><technique_common><accessor source="#mixamorig12_Spine-Interpolations-array" count="27"><param type="name"/></accessor></technique_common></source><sampler id="mixamorig12_Spine-Matrix-animation-transform"><input semantic="INPUT" source="#mixamorig12_Spine-Matrix-animation-input"/><input semantic="OUTPUT" source="#mixamorig12_Spine-Matrix-animation-output-transform"/><input semantic="INTERPOLATION" source="#mixamorig12_Spine-Interpolations"/></sampler><channel source="#mixamorig12_Spine-Matrix-animation-transform" target="mixamorig12_Spine/matrix"/></animation>
    <animation id="mixamorig12_Spine1-anim" name="mixamorig12_Spine1"><source id="mixamorig12_Spine1-Matrix-animation-input"><float_array id="mixamorig12_Spine1-Matrix-animation-input-array" count="27">

0.000000 0.033333 0.066667 0.100000 0.133333 0.166667 0.200000 0.233333 0.266667 0.300000 0.333333 0.366667 0.400000 0.433333 0.466667 0.500000
0.533333 0.566667 0.600000 0.633333 0.666667 0.700000 0.733333 0.766667 0.800000 0.833333 0.866667</float_array><technique_common><accessor source="#mixamorig12_Spine1-Matrix-animation-input-array" count="27"><param name="TIME" type="float"/></accessor></technique_common></source><source id="mixamorig12_Spine1-Matrix-animation-output-transform"><float_array id="mixamorig12_Spine1-Matrix-animation-output-transform-array" count="432">

0.998212 0.054955 -0.023529 0.000000 -0.057688 0.988746 -0.138035 11.798400 0.015679 0.139145 0.990148 0.000000 0.000000 0.000000 0.000000 1.000000
0.997815 0.064553 -0.014063 0.000000 -0.065742 0.991250 -0.114461 11.798400 0.006551 0.115136 0.993328 -0.000000 0.000000 0.000000 0.000000 1.000000
0.996924 0.078183 -0.005542 0.000000 -0.078349 0.992112 -0.097850 11.798400 -0.002152 0.097983 0.995186 0.000000 0.000000 0.000000 0.000000 1.000000
0.996068 0.088565 0.002343 0.000000 -0.087950 0.991644 -0.094374 11.798400 -0.010682 0.093797 0.995534 0.000000 0.000000 0.000000 0.000000 1.000000
0.996235 0.086213 0.009148 0.000000 -0.084914 0.991586 -0.097709 11.798400 -0.017495 0.096565 0.995173 0.000000 0.000000 0.000000 0.000000 1.000000
0.996550 0.081934 0.013227 0.000000 -0.080136 0.991396 -0.103502 11.798400 -0.021594 0.102085 0.994541 0.000000 0.000000 0.000000 0.000000 1.000000
0.996785 0.078840 0.014271 0.000000 -0.076722 0.990564 -0.113562 11.798400 -0.023090 0.112102 0.993428 0.000000 0.000000 0.000000 0.000000 1.000000
0.997109 0.074999 0.012221 0.000000 -0.072878 0.989391 -0.125677 11.798400 -0.021517 0.124423 0.991996 0.000000 0.000000 0.000000 0.000000 1.000000
0.997555 0.069693 0.005123 0.000000 -0.068473 0.989465 -0.127556 11.798400 -0.013959 0.126893 0.991818 0.000000 0.000000 0.000000 0.000000 1.000000
0.998282 0.058498 -0.003389 -0.000000 -0.058485 0.991148 -0.119184 11.798400 -0.003613 0.119178 0.992866 0.000000 0.000000 0.000000 0.000000 1.000000
0.999225 0.037793 -0.010982 0.000000 -0.038822 0.992328 -0.117382 11.798400 0.006461 0.117717 0.993026 0.000000 0.000000 0.000000 0.000000 1.000000
0.999527 0.022954 -0.020486 0.000000 -0.025464 0.990909 -0.132104 11.798400 0.017267 0.132563 0.991024 0.000000 0.000000 0.000000 0.000000 1.000000
0.999223 0.020712 -0.033527 0.000000 -0.025531 0.988303 -0.150350 11.798400 0.030021 0.151090 0.988064 0.000000 0.000000 0.000000 0.000000 1.000000
0.997700 0.042351 -0.052919 0.000000 -0.050269 0.986062 -0.158603 11.798400 0.045465 0.160899 0.985923 0.000000 0.000000 0.000000 0.000000 1.000000
0.996072 0.055245 -0.069205 0.000000 -0.065414 0.985818 -0.154547 11.798400 0.059685 0.158467 0.985559 0.000000 0.000000 0.000000 0.000000 1.000000
0.996117 0.043921 -0.076304 0.000000 -0.055089 0.986990 -0.151048 11.798400 0.068677 0.154665 0.985577 0.000000 0.000000 0.000000 0.000000 1.000000
0.996212 0.026109 -0.082941 0.000000 -0.038255 0.988185 -0.148412 11.798400 0.078086 0.151023 0.985441 0.000000 0.000000 0.000000 0.000000 1.000000
0.996542 0.004803 -0.082951 0.000000 -0.017326 0.988394 -0.150918 11.798400 0.081263 0.151834 0.985060 -0.000000 0.000000 0.000000 0.000000 1.000000
0.996640 -0.004283 -0.081796 0.000000 -0.008993 0.986873 -0.161248 11.798400 0.081413 0.161442 0.983518 -0.000000 0.000000 0.000000 0.000000 1.000000
0.996680 0.003160 -0.081354 0.000000 -0.017326 0.984589 -0.174023 11.798400 0.079551 0.174855 0.981375 0.000000 0.000000 0.000000 0.000000 1.000000
0.997135 0.003704 -0.075548 -0.000000 -0.017838 0.982143 -0.187286 11.798400 0.073505 0.188097 0.979396 0.000000 0.000000 0.000000 0.000000 1.000000
0.997730 0.002320 -0.067297 0.000000 -0.015192 0.981394 -0.191400 11.798400 0.065601 0.191988 0.979202 -0.000000 0.000000 0.000000 0.000000 1.000000
0.998247 0.006709 -0.058809 -0.000000 -0.017598 0.982269 -0.186650 11.798400 0.056514 0.187358 0.980665 -0.000000 0.000000 0.000000 0.000000 1.000000
0.998495 0.019810 -0.051134 0.000000 -0.028403 0.984473 -0.173220 11.798400 0.046909 0.174412 0.983555 0.000000 0.000000 0.000000 0.000000 1.000000
0.998436 0.035416 -0.043256 0.000000 -0.041933 0.986148 -0.160482 11.798400 0.036973 0.162045 0.986091 -0.000000 0.000000 0.000000 0.000000 1.000000
0.998416 0.045391 -0.033230 0.000000 -0.049906 0.987300 -0.150825 11.798400 0.025962 0.152244 0.988002 0.000000 0.000000 0.000000 0.000000 1.000000
0.998212 0.054946 -0.023527 0.000000 -0.057679 0.988746 -0.138039 11.798400 0.015678 0.139149 0.990147 -0.000000 0.000000 0.000000 0.000000 1.000000</float_array><technique_common><accessor source="#mixamorig12_Spine1-Matrix-animation-output-transform-array" count="27" stride="16"><param type="float4x4"/></accessor></technique_common></source><source id="mixamorig12_Spine1-Interpolations"><Name_array id="mixamorig12_Spine1-Interpolations-array" count="27">
 LINEAR LINEAR LINEAR LINEAR LINEAR LINEAR LINEAR LINEAR LINEAR LINEAR LINEAR
LINEAR LINEAR LINEAR LINEAR LINEAR LINEAR LINEAR LINEAR LINEAR LINEAR LINEAR LINEAR
LINEAR LINEAR LINEAR LINEAR</Name_array><technique_common><accessor source="#mixamorig12_Spine1-Interpolations-array" count="27"><param type="name"/></accessor></technique_common></source><sampler id="mixamorig12_Spine1-Matrix-animation-transform"><input semantic="INPUT" source="#mixamorig12_Spine1-Matrix-animation-input"/><input semantic="OUTPUT" source="#mixamorig12_Spine1-Matrix-animation-output-transform"/><input semantic="INTERPOLATION" source="#mixamorig12_Spine1-Interpolations"/></sampler><channel source="#mixamorig12_Spine1-Matrix-animation-transform" target="mixamorig12_Spine1/matrix"/></animation>
    <animation id="mixamorig12_Spine2-anim" name="mixamorig12_Spine2"><source id="mixamorig12_Spine2-Matrix-animation-input"><float_array id="mixamorig12_Spine2-Matrix-animation-input-array" count="27">

0.000000 0.033333 0.066667 0.100000 0.133333 0.166667 0.200000 0.233333 0.266667 0.300000 0.333333 0.366667 0.400000 0.433333 0.466667 0.500000
0.533333 0.566667 0.600000 0.633333 0.666667 0.700000 0.733333 0.766667 0.800000 0.833333 0.866667</float_array><technique_common><accessor source="#mixamorig12_Spine2-Matrix-animation-input-array" count="27"><param name="TIME" type="float"/></accessor></technique_common></source><source id="mixamorig12_Spine2-Matrix-animation-output-transform"><float_array id="mixamorig12_Spine2-Matrix-animation-output-transform-array" count="432">

0.998236 0.053684 -0.025343 -0.000000 -0.056682 0.988795 -0.138098 13.483900 0.017645 0.139291 0.990094 0.000000 0.000000 0.000000 0.000000 1.000000
0.997796 0.064526 -0.015453 -0.000000 -0.065873 0.991263 -0.114273 13.483900 0.007945 0.115039 0.993329 0.000000 0.000000 0.000000 0.000000 1.000000
0.996901 0.078308 -0.007481 0.000000 -0.078664 0.992101 -0.097709 13.483900 -0.000229 0.097995 0.995187 0.000000 0.000000 0.000000 0.000000 1.000000
0.996091 0.088337 0.000135 0.000000 -0.087928 0.991630 -0.094549 13.483900 -0.008486 0.094167 0.995520 0.000000 0.000000 0.000000 0.000000 1.000000
0.996287 0.085705 0.008161 -0.000000 -0.084498 0.991591 -0.098017 13.483900 -0.016493 0.096963 0.995151 -0.000000 0.000000 0.000000 0.000000 1.000000
0.996592 0.081391 0.013399 0.000000 -0.079569 0.991396 -0.103941 13.483900 -0.021743 0.102521 0.994493 0.000000 0.000000 0.000000 0.000000 1.000000
0.996791 0.078688 0.014699 0.000000 -0.076501 0.990474 -0.114495 13.483900 -0.023568 0.113003 0.993315 -0.000000 0.000000 0.000000 0.000000 1.000000
0.997115 0.074833 0.012745 0.000000 -0.072618 0.989233 -0.127059 13.483900 -0.022116 0.125766 0.991813 0.000000 0.000000 0.000000 0.000000 1.000000
0.997573 0.069426 0.005284 0.000000 -0.068170 0.989327 -0.128780 13.483900 -0.014168 0.128108 0.991659 0.000000 0.000000 0.000000 0.000000 1.000000
0.998295 0.058278 -0.003137 0.000000 -0.058234 0.991105 -0.119668 13.483900 -0.003865 0.119647 0.992809 0.000000 0.000000 0.000000 0.000000 1.000000
0.999242 0.037804 -0.009246 0.000000 -0.038629 0.992331 -0.117422 13.483900 0.004736 0.117690 0.993039 0.000000 0.000000 0.000000 0.000000 1.000000
0.999579 0.023083 -0.017572 0.000000 -0.025212 0.990854 -0.132561 13.483900 0.014351 0.132948 0.991019 0.000000 0.000000 0.000000 0.000000 1.000000
0.999308 0.020662 -0.030913 0.000000 -0.025111 0.988174 -0.151267 13.483900 0.027422 0.151939 0.988009 -0.000000 0.000000 0.000000 0.000000 1.000000
0.997699 0.040886 -0.054083 0.000000 -0.048971 0.986254 -0.157815 13.483900 0.046887 0.160100 0.985987 -0.000000 0.000000 0.000000 0.000000 1.000000
0.995978 0.052612 -0.072526 0.000000 -0.063174 0.986355 -0.152030 13.483900 0.063538 0.156001 0.985711 -0.000000 0.000000 0.000000 0.000000 1.000000
0.996051 0.040889 -0.078801 0.000000 -0.052362 0.987369 -0.149533 13.483900 0.071691 0.153069 0.985612 0.000000 0.000000 0.000000 0.000000 1.000000
0.996211 0.023290 -0.083791 0.000000 -0.035587 0.988286 -0.148404 13.483900 0.079353 0.150823 0.985371 0.000000 0.000000 0.000000 0.000000 1.000000
0.996711 0.003897 -0.080949 0.000000 -0.016264 0.988141 -0.152684 13.483900 0.079394 0.153498 0.984954 0.000000 0.000000 0.000000 0.000000 1.000000
0.996883 -0.001897 -0.078877 0.000000 -0.011066 0.986469 -0.163574 13.483900 0.078120 0.163937 0.983373 -0.000000 0.000000 0.000000 0.000000 1.000000
0.996921 0.006520 -0.078140 -0.000000 -0.020186 0.984290 -0.175404 13.483900 0.075768 0.176442 0.981391 0.000000 0.000000 0.000000 0.000000 1.000000
0.997412 0.009166 -0.071312 0.000000 -0.022506 0.981799 -0.188585 13.483900 0.068285 0.189702 0.979464 0.000000 0.000000 0.000000 0.000000 1.000000
0.998004 0.008687 -0.062558 -0.000000 -0.020598 0.981106 -0.192372 13.483900 0.059705 0.193276 0.979326 0.000000 0.000000 0.000000 0.000000 1.000000
0.998405 0.012607 -0.055037 -0.000000 -0.022707 0.982107 -0.186952 13.483900 0.051696 0.187904 0.980826 -0.000000 0.000000 0.000000 0.000000 1.000000
0.998491 0.023053 -0.049852 -0.000000 -0.031364 0.984429 -0.172962 13.483900 0.045089 0.174264 0.983666 0.000000 0.000000 0.000000 0.000000 1.000000
0.998384 0.035838 -0.044099 0.000000 -0.042471 0.986188 -0.160091 13.483900 0.037753 0.161705 0.986117 0.000000 0.000000 0.000000 0.000000 1.000000
0.998391 0.044862 -0.034693 0.000000 -0.049602 0.987337 -0.150683 13.483900 0.027494 0.152161 0.987973 -0.000000 0.000000 0.000000 0.000000 1.000000
0.998237 0.053676 -0.025339 0.000000 -0.056673 0.988795 -0.138101 13.483900 0.017643 0.139294 0.990094 0.000000 0.000000 0.000000 0.000000 1.000000</float_array><technique_common><accessor source="#mixamorig12_Spine2-Matrix-animation-output-transform-array" count="27" stride="16"><param type="float4x4"/></accessor></technique_common></source><source id="mixamorig12_Spine2-Interpolations"><Name_array id="mixamorig12_Spine2-Interpolations-array" count="27">
 LINEAR LINEAR LINEAR LINEAR LINEAR LINEAR LINEAR LINEAR LINEAR LINEAR LINEAR
LINEAR LINEAR LINEAR LINEAR LINEAR LINEAR LINEAR LINEAR LINEAR LINEAR LINEAR LINEAR
LINEAR LINEAR LINEAR LINEAR</Name_array><technique_common><accessor source="#mixamorig12_Spine2-Interpolations-array" count="27"><param type="name"/></accessor></technique_common></source><sampler id="mixamorig12_Spine2-Matrix-animation-transform"><input semantic="INPUT" source="#mixamorig12_Spine2-Matrix-animation-input"/><input semantic="OUTPUT" source="#mixamorig12_Spine2-Matrix-animation-output-transform"/><input semantic="INTERPOLATION" source="#mixamorig12_Spine2-Interpolations"/></sampler><channel source="#mixamorig12_Spine2-Matrix-animation-transform" target="mixamorig12_Spine2/matrix"/></animation>
    <animation id="mixamorig12_Neck-anim" name="mixamorig12_Neck"><source id="mixamorig12_Neck-Matrix-animation-input"><float_array id="mixamorig12_Neck-Matrix-animation-input-array" count="27">

0.000000 0.033333 0.066667 0.100000 0.133333 0.166667 0.200000 0.233333 0.266667 0.300000 0.333333 0.366667 0.400000 0.433333 0.466667 0.500000
0.533333 0.566667 0.600000 0.633333 0.666667 0.700000 0.733333 0.766667 0.800000 0.833333 0.866667</float_array><technique_common><accessor source="#mixamorig12_Neck-Matrix-animation-input-array" count="27"><param name="TIME" type="float"/></accessor></technique_common></source><source id="mixamorig12_Neck-Matrix-animation-output-transform"><float_array id="mixamorig12_Neck-Matrix-animation-output-transform-array" count="432">

0.999531 -0.016857 0.025568 0.000000 0.019019 0.996044 -0.086807 15.169400 -0.024003 0.087253 0.995897 -0.000000 0.000000 0.000000 0.000000 1.000000
0.999515 -0.020486 0.023466 0.000000 0.022604 0.995326 -0.093885 15.169400 -0.021433 0.094369 0.995306 0.000000 0.000000 0.000000 0.000000 1.000000
0.999569 -0.019314 0.022129 0.000000 0.021454 0.994665 -0.100906 15.169400 -0.020062 0.101338 0.994650 0.000000 0.000000 0.000000 0.000000 1.000000
0.999669 -0.012477 0.022522 -0.000000 0.014865 0.993907 -0.109213 15.169400 -0.021022 0.109512 0.993763 -0.000000 0.000000 0.000000 0.000000 1.000000
0.999598 -0.016287 0.023214 0.000000 0.018926 0.992784 -0.118417 15.169400 -0.021118 0.118809 0.992693 0.000000 0.000000 0.000000 0.000000 1.000000
0.999519 -0.022170 0.021672 -0.000000 0.024688 0.991992 -0.123861 15.169400 -0.018752 0.124336 0.992063 -0.000000 0.000000 0.000000 0.000000 1.000000
0.999527 -0.024619 0.018419 0.000000 0.026658 0.992399 -0.120136 15.169400 -0.015321 0.120570 0.992587 0.000000 0.000000 0.000000 0.000000 1.000000
0.999509 -0.026026 0.017445 0.000000 0.027889 0.992761 -0.116827 15.169400 -0.014278 0.117256 0.992999 0.000000 0.000000 0.000000 0.000000 1.000000
0.999467 -0.026746 0.018698 0.000000 0.028709 0.993058 -0.114071 15.169400 -0.015517 0.114547 0.993297 0.000000 0.000000 0.000000 0.000000 1.000000
0.999468 -0.025477 0.020375 -0.000000 0.027587 0.993431 -0.111054 15.169400 -0.017411 0.111557 0.993605 0.000000 0.000000 0.000000 0.000000 1.000000
0.999475 -0.024778 0.020890 0.000000 0.026860 0.993989 -0.106131 15.169400 -0.018135 0.106636 0.994133 0.000000 0.000000 0.000000 0.000000 1.000000
0.999447 -0.025663 0.021159 -0.000000 0.027596 0.994920 -0.096808 15.169400 -0.018567 0.097338 0.995078 0.000000 0.000000 0.000000 0.000000 1.000000
0.999414 -0.025268 0.023070 0.000000 0.027233 0.995636 -0.089259 15.169400 -0.020714 0.089835 0.995741 -0.000000 0.000000 0.000000 0.000000 1.000000
0.999436 -0.019539 0.027326 0.000000 0.021826 0.996049 -0.086082 15.169400 -0.025536 0.086630 0.995913 -0.000000 0.000000 0.000000 0.000000 1.000000
0.999345 -0.018534 0.031088 0.000000 0.021110 0.996183 -0.084698 15.169400 -0.029400 0.085299 0.995922 0.000000 0.000000 0.000000 0.000000 1.000000
0.999211 -0.019990 0.034316 0.000000 0.022925 0.995910 -0.087394 15.169400 -0.032428 0.088112 0.995583 0.000000 0.000000 0.000000 0.000000 1.000000
0.999079 -0.021638 0.037058 0.000000 0.025012 0.995337 -0.093157 15.169400 -0.034870 0.093998 0.994962 0.000000 0.000000 0.000000 0.000000 1.000000
0.998971 -0.021787 0.039789 0.000000 0.025778 0.994375 -0.102731 15.169400 -0.037327 0.103651 0.993913 0.000000 0.000000 0.000000 0.000000 1.000000
0.998882 -0.022167 0.041746 -0.000000 0.026404 0.994243 -0.103849 15.169400 -0.039203 0.104835 0.993717 0.000000 0.000000 0.000000 0.000000 1.000000
0.998844 -0.023122 0.042135 0.000000 0.027164 0.994812 -0.098042 15.169400 -0.039650 0.099073 0.994290 0.000000 0.000000 0.000000 0.000000 1.000000
0.998848 -0.024998 0.040971 0.000000 0.028852 0.994928 -0.096367 15.169400 -0.038354 0.097438 0.994502 -0.000000 0.000000 0.000000 0.000000 1.000000
0.998976 -0.023833 0.038466 0.000000 0.027457 0.994942 -0.096623 15.169400 -0.035969 0.097580 0.994577 0.000000 0.000000 0.000000 0.000000 1.000000
0.999127 -0.021681 0.035704 0.000000 0.025043 0.995011 -0.096573 15.169400 -0.033433 0.097383 0.994685 0.000000 0.000000 0.000000 0.000000 1.000000
0.999274 -0.018721 0.033171 0.000000 0.021595 0.995842 -0.088502 15.169400 -0.031376 0.089154 0.995524 -0.000000 0.000000 0.000000 0.000000 1.000000
0.999399 -0.016167 0.030666 0.000000 0.018646 0.996427 -0.082371 15.169400 -0.029225 0.082893 0.996130 0.000000 0.000000 0.000000 0.000000 1.000000
0.999489 -0.015200 0.028133 0.000000 0.017455 0.996500 -0.081756 15.169400 -0.026791 0.082205 0.996255 0.000000 0.000000 0.000000 0.000000 1.000000
0.999531 -0.016854 0.025567 0.000000 0.019016 0.996043 -0.086816 15.169400 -0.024003 0.087262 0.995896 0.000000 0.000000 0.000000 0.000000 1.000000</float_array><technique_common><accessor source="#mixamorig12_Neck-Matrix-animation-output-transform-array" count="27" stride="16"><param type="float4x4"/></accessor></technique_common></source><source id="mixamorig12_Neck-Interpolations"><Name_array id="mixamorig12_Neck-Interpolations-array" count="27">
 LINEAR LINEAR LINEAR LINEAR LINEAR LINEAR LINEAR LINEAR LINEAR LINEAR LINEAR
LINEAR LINEAR LINEAR LINEAR LINEAR LINEAR LINEAR LINEAR LINEAR LINEAR LINEAR LINEAR
LINEAR LINEAR LINEAR LINEAR</Name_array><technique_common><accessor source="#mixamorig12_Neck-Interpolations-array" count="27"><param type="name"/></accessor></technique_common></source><sampler id="mixamorig12_Neck-Matrix-animation-transform"><input semantic="INPUT" source="#mixamorig12_Neck-Matrix-animation-input"/><input semantic="OUTPUT" source="#mixamorig12_Neck-Matrix-animation-output-transform"/><input semantic="INTERPOLATION" source="#mixamorig12_Neck-Interpolations"/></sampler><channel source="#mixamorig12_Neck-Matrix-animation-transform" target="mixamorig12_Neck/matrix"/></animation>
    <animation id="mixamorig12_Head-anim" name="mixamorig12_Head"><source id="mixamorig12_Head-Matrix-animation-input"><float_array id="mixamorig12_Head-Matrix-animation-input-array" count="27">

0.000000 0.033333 0.066667 0.100000 0.133333 0.166667 0.200000 0.233333 0.266667 0.300000 0.333333 0.366667 0.400000 0.433333 0.466667 0.500000
0.533333 0.566667 0.600000 0.633333 0.666667 0.700000 0.733333 0.766667 0.800000 0.833333 0.866667</float_array><technique_common><accessor source="#mixamorig12_Head-Matrix-animation-input-array" count="27"><param name="TIME" type="float"/></accessor></technique_common></source><source id="mixamorig12_Head-Matrix-animation-output-transform"><float_array id="mixamorig12_Head-Matrix-animation-output-transform-array" count="432">

0.999531 -0.016857 0.025568 0.000000 0.016282 0.999613 0.022543 7.383900 -0.025938 -0.022116 0.999419 2.849900 0.000000 0.000000 0.000000 1.000000
0.999515 -0.020486 0.023466 0.000000 0.020127 0.999678 0.015443 7.383900 -0.023775 -0.014963 0.999605 2.849900 0.000000 0.000000 0.000000 1.000000
0.999569 -0.019314 0.022129 0.000000 0.019133 0.999782 0.008390 7.383900 -0.022286 -0.007963 0.999720 2.849900 0.000000 0.000000 0.000000 1.000000
0.999669 -0.012477 0.022522 0.000000 0.012479 0.999922 0.000037 7.383900 -0.022520 0.000244 0.999746 2.849900 0.000000 0.000000 0.000000 1.000000
0.999598 -0.016287 0.023214 -0.000000 0.016505 0.999821 -0.009228 7.383900 -0.023060 0.009608 0.999688 2.849900 0.000000 0.000000 0.000000 1.000000
0.999519 -0.022170 0.021672 0.000000 0.022491 0.999639 -0.014708 7.383900 -0.021338 0.015189 0.999657 2.849900 0.000000 0.000000 0.000000 1.000000
0.999527 -0.024620 0.018419 -0.000000 0.024824 0.999632 -0.010949 7.383900 -0.018143 0.011401 0.999770 2.849900 0.000000 0.000000 0.000000 1.000000
0.999509 -0.026026 0.017445 0.000000 0.026162 0.999629 -0.007614 7.383900 -0.017240 0.008067 0.999819 2.849900 0.000000 0.000000 0.000000 1.000000
0.999467 -0.026746 0.018698 0.000000 0.026841 0.999628 -0.004843 7.383900 -0.018561 0.005342 0.999813 2.849900 0.000000 0.000000 0.000000 1.000000
0.999468 -0.025477 0.020375 0.000000 0.025519 0.999673 -0.001811 7.383900 -0.020322 0.002330 0.999791 2.849900 0.000000 0.000000 0.000000 1.000000
0.999475 -0.024778 0.020890 0.000000 0.024718 0.999690 0.003141 7.383900 -0.020961 -0.002623 0.999777 2.849900 0.000000 0.000000 0.000000 1.000000
0.999447 -0.025663 0.021159 0.000000 0.025402 0.999599 0.012512 7.383900 -0.021472 -0.011968 0.999698 2.849900 0.000000 0.000000 0.000000 1.000000
0.999414 -0.025268 0.023070 0.000000 0.024807 0.999490 0.020089 7.383900 -0.023566 -0.019505 0.999532 2.849900 0.000000 0.000000 0.000000 1.000000
0.999436 -0.019539 0.027326 0.000000 0.018905 0.999551 0.023265 7.383900 -0.027768 -0.022735 0.999356 2.849900 0.000000 0.000000 0.000000 1.000000
0.999345 -0.018534 0.031088 -0.000000 0.017771 0.999538 0.024642 7.383900 -0.031531 -0.024073 0.999213 2.849900 0.000000 0.000000 0.000000 1.000000
0.999211 -0.019990 0.034315 0.000000 0.019244 0.999574 0.021924 7.383900 -0.034739 -0.021247 0.999171 2.849900 0.000000 0.000000 0.000000 1.000000
0.999079 -0.021638 0.037058 0.000000 0.021052 0.999648 0.016128 7.383900 -0.037394 -0.015333 0.999183 2.849900 0.000000 0.000000 0.000000 1.000000
0.998971 -0.021787 0.039788 0.000000 0.021545 0.999747 0.006498 7.383900 -0.039920 -0.005634 0.999187 2.849900 0.000000 0.000000 0.000000 1.000000
0.998882 -0.022167 0.041745 0.000000 0.021962 0.999744 0.005364 7.383900 -0.041854 -0.004441 0.999114 2.849900 0.000000 0.000000 0.000000 1.000000
0.998844 -0.023122 0.042135 0.000000 0.022669 0.999680 0.011200 7.383900 -0.042381 -0.010232 0.999049 2.849900 0.000000 0.000000 0.000000 1.000000
0.998848 -0.024998 0.040971 -0.000000 0.024488 0.999617 0.012888 7.383900 -0.041277 -0.011870 0.999077 2.849900 0.000000 0.000000 0.000000 1.000000
0.998976 -0.023833 0.038466 0.000000 0.023362 0.999647 0.012641 7.383900 -0.038753 -0.011729 0.999180 2.849900 0.000000 0.000000 0.000000 1.000000
0.999127 -0.021681 0.035705 0.000000 0.021239 0.999694 0.012702 7.383900 -0.035969 -0.011933 0.999282 2.849900 0.000000 0.000000 0.000000 1.000000
0.999274 -0.018722 0.033171 -0.000000 0.018037 0.999621 0.020818 7.383900 -0.033548 -0.020204 0.999233 2.849900 0.000000 0.000000 0.000000 1.000000
0.999399 -0.016167 0.030666 -0.000000 0.015342 0.999518 0.026977 7.383900 -0.031087 -0.026491 0.999166 2.849900 0.000000 0.000000 0.000000 1.000000
0.999489 -0.015200 0.028132 0.000000 0.014423 0.999515 0.027602 7.383900 -0.028538 -0.027182 0.999223 2.849900 0.000000 0.000000 0.000000 1.000000
0.999531 -0.016854 0.025567 -0.000000 0.016279 0.999614 0.022533 7.383900 -0.025937 -0.022106 0.999419 2.849900 0.000000 0.000000 0.000000 1.000000</float_array><technique_common><accessor source="#mixamorig12_Head-Matrix-animation-output-transform-array" count="27" stride="16"><param type="float4x4"/></accessor></technique_common></source><source id="mixamorig12_Head-Interpolations"><Name_array id="mixamorig12_Head-Interpolations-array" count="27">
 LINEAR LINEAR LINEAR LINEAR LINEAR LINEAR LINEAR LINEAR LINEAR LINEAR LINEAR
LINEAR LINEAR LINEAR LINEAR LINEAR LINEAR LINEAR LINEAR LINEAR LINEAR LINEAR LINEAR
LINEAR LINEAR LINEAR LINEAR</Name_array><technique_common><accessor source="#mixamorig12_Head-Interpolations-array" count="27"><param type="name"/></accessor></technique_common></source><sampler id="mixamorig12_Head-Matrix-animation-transform"><input semantic="INPUT" source="#mixamorig12_Head-Matrix-animation-input"/><input semantic="OUTPUT" source="#mixamorig12_Head-Matrix-animation-output-transform"/><input semantic="INTERPOLATION" source="#mixamorig12_Head-Interpolations"/></sampler><channel source="#mixamorig12_Head-Matrix-animation-transform" target="mixamorig12_Head/matrix"/></animation>
    <animation id="mixamorig12_LeftShoulder-anim" name="mixamorig12_LeftShoulder"><source id="mixamorig12_LeftShoulder-Matrix-animation-input"><float_array id="mixamorig12_LeftShoulder-Matrix-animation-input-array" count="27">

0.000000 0.033333 0.066667 0.100000 0.133333 0.166667 0.200000 0.233333 0.266667 0.300000 0.333333 0.366667 0.400000 0.433333 0.466667 0.500000
0.533333 0.566667 0.600000 0.633333 0.666667 0.700000 0.733333 0.766667 0.800000 0.833333 0.866667</float_array><technique_common><accessor source="#mixamorig12_LeftShoulder-Matrix-animation-input-array" count="27"><param name="TIME" type="float"/></accessor></technique_common></source><source id="mixamorig12_LeftShoulder-Matrix-animation-output-transform"><float_array id="mixamorig12_LeftShoulder-Matrix-animation-output-transform-array" count="432">

0.024409 0.898499 -0.438296 7.052500 0.017271 -0.438741 -0.898448 13.015400 -0.999553 0.014361 -0.026227 -0.256200 0.000000 0.000000 0.000000 1.000000
0.024236 0.909737 -0.414476 7.052500 0.016517 -0.414906 -0.909714 13.015400 -0.999570 0.015202 -0.025081 -0.256200 0.000000 0.000000 0.000000 1.000000
0.018285 0.870647 -0.491568 7.052500 0.020146 -0.491872 -0.870435 13.015400 -0.999630 0.006012 -0.026534 -0.256200 0.000000 0.000000 0.000000 1.000000
0.016472 0.790295 -0.612505 7.052500 0.027476 -0.612714 -0.789827 13.015400 -0.999487 -0.003819 -0.031806 -0.256200 0.000000 0.000000 0.000000 1.000000
0.020273 0.815601 -0.578260 7.052500 0.025863 -0.578613 -0.815192 13.015400 -0.999460 0.001570 -0.032824 -0.256200 0.000000 0.000000 0.000000 1.000000
0.023041 0.854290 -0.519286 7.052500 0.023175 -0.519741 -0.854009 13.015400 -0.999466 0.007642 -0.031774 -0.256200 0.000000 0.000000 0.000000 1.000000
0.012476 0.850261 -0.526213 7.052500 0.019895 -0.526361 -0.850028 13.015400 -0.999724 0.000136 -0.023483 -0.256200 0.000000 0.000000 0.000000 1.000000
0.003806 0.855079 -0.518484 7.052500 0.021324 -0.518439 -0.854849 13.015400 -0.999765 -0.007803 -0.020206 -0.256200 0.000000 0.000000 0.000000 1.000000
0.007530 0.861227 -0.508165 7.052500 0.022410 -0.508197 -0.860949 13.015400 -0.999720 -0.004905 -0.023127 -0.256200 0.000000 0.000000 0.000000 1.000000
0.042824 0.855012 -0.516837 7.052500 0.021423 -0.517978 -0.855126 13.015400 -0.998853 0.025548 -0.040499 -0.256200 0.000000 0.000000 0.000000 1.000000
0.112618 0.849807 -0.514923 7.052500 0.016496 -0.519748 -0.854161 13.015400 -0.993501 0.087700 -0.072552 -0.256200 0.000000 0.000000 0.000000 1.000000
0.171119 0.865163 -0.471393 7.052500 0.016433 -0.480889 -0.876627 13.015400 -0.985113 0.142261 -0.096507 -0.256200 0.000000 0.000000 0.000000 1.000000
0.168109 0.875904 -0.452251 7.052500 0.018717 -0.461534 -0.886925 13.015400 -0.985591 0.140635 -0.093982 -0.256200 0.000000 0.000000 0.000000 1.000000
0.141334 0.882682 -0.448217 7.052500 0.025051 -0.455805 -0.889727 13.015400 -0.989645 0.114520 -0.086533 -0.256200 0.000000 0.000000 0.000000 1.000000
0.104567 0.884946 -0.453802 7.052500 0.034044 -0.459221 -0.887669 13.015400 -0.993935 0.077372 -0.078146 -0.256200 0.000000 0.000000 0.000000 1.000000
0.064810 0.884997 -0.461064 7.052500 0.040709 -0.463995 -0.884902 13.015400 -0.997067 0.038581 -0.066099 -0.256200 0.000000 0.000000 0.000000 1.000000
0.029537 0.883258 -0.467957 7.052500 0.043462 -0.468853 -0.882206 13.015400 -0.998618 0.005719 -0.052237 -0.256200 0.000000 0.000000 0.000000 1.000000
0.007439 0.879475 -0.475887 7.052500 0.047123 -0.475680 -0.878355 13.015400 -0.998861 -0.015891 -0.044982 -0.256200 0.000000 0.000000 0.000000 1.000000
0.006281 0.875536 -0.483113 7.052500 0.050267 -0.482788 -0.874293 13.015400 -0.998716 -0.018793 -0.047043 -0.256200 0.000000 0.000000 0.000000 1.000000
0.026759 0.879297 -0.475522 7.052500 0.046130 -0.476272 -0.878087 13.015400 -0.998577 0.001561 -0.053306 -0.256200 0.000000 0.000000 0.000000 1.000000
0.059965 0.872048 -0.485733 7.052500 0.040362 -0.488329 -0.871726 13.015400 -0.997384 0.032668 -0.064480 -0.256200 0.000000 0.000000 0.000000 1.000000
0.095679 0.854923 -0.509855 7.052500 0.031989 -0.514581 -0.856845 13.015400 -0.994898 0.065673 -0.076583 -0.256200 0.000000 0.000000 0.000000 1.000000
0.125107 0.843316 -0.522654 7.052500 0.025644 -0.529365 -0.848006 13.015400 -0.991812 0.092689 -0.087853 -0.256200 0.000000 0.000000 0.000000 1.000000
