<?xml version="1.0" encoding="utf-8"?>
<COLLADA xmlns="http://www.collada.org/2005/11/COLLADASchema" version="1.4.1">
  <asset><contributor><author>Mixamo</author><authoring_tool>COLLADA Mixamo exporter</authoring_tool><comments></comments></contributor><created>2019-12-05T09:54:16Z</created><modified>2019-12-05T09:54:16Z</modified><revision></revision><title></title><unit meter="0.010000"/><up_axis>Y_UP</up_axis></asset>
  <library_animations>
    <animation id="mixamorig12_Hips-anim" name="mixamorig12_Hips"><source id="mixamorig12_Hips-Matrix-animation-input"><float_array id="mixamorig12_Hips-Matrix-animation-input-array" count="21">

0.000000 0.033333 0.066667 0.100000 0.133333 0.166667 0.200000 0.233333 0.266667 0.300000 0.333333 0.366667 0.400000 0.433333 0.466667 0.500000
0.533333 0.566667 0.600000 0.633333 0.666667</float_array><technique_common><accessor source="#mixamorig12_Hips-Matrix-animation-input-array" count="21"><param name="TIME" type="float"/></accessor></technique_common></source><source id="mixamorig12_Hips-Matrix-animation-output-transform"><float_array id="mixamorig12_Hips-Matrix-animation-output-transform-array" count="336">

0.767150 -0.193212 -0.611678 0.853248 0.017717 0.959578 -0.280883 82.573677 0.641223 0.204643 0.739563 -1.207006 0.000000 0.000000 0.000000 1.000000
0.764239 -0.186837 -0.617277 0.808290 0.022628 0.964296 -0.263857 83.260956 0.644536 0.187682 0.741181 0.264884 0.000000 0.000000 0.000000 1.000000
0.759047 -0.175617 -0.626902 0.904598 0.025453 0.970199 -0.240968 85.176483 0.650538 0.166950 0.740897 1.251705 0.000000 0.000000 0.000000 1.000000
0.751070 -0.177444 -0.635930 1.194435 0.027018 0.970660 -0.238935 87.050552 0.659669 0.162275 0.733828 2.729598 0.000000 0.000000 0.000000 1.000000
0.738790 -0.195588 -0.644930 1.756939 0.022157 0.963492 -0.266818 88.656746 0.673572 0.182833 0.716152 4.571591 0.000000 0.000000 0.000000 1.000000
0.726101 -0.204819 -0.656373 2.802016 -0.011024 0.951013 -0.308955 89.850388 0.687499 0.231569 0.688274 3.737523 0.000000 0.000000 0.000000 1.000000
0.718361 -0.195803 -0.667546 4.087956 -0.050494 0.942366 -0.330751 90.497253 0.693835 0.271306 0.667073 2.469166 0.000000 0.000000 0.000000 1.000000
0.717179 -0.170884 -0.675613 5.328710 -0.100564 0.933946 -0.342975 90.500748 0.689595 0.313917 0.652621 1.775514 0.000000 0.000000 0.000000 1.000000
0.718282 -0.149171 -0.679573 6.155804 -0.133400 0.929096 -0.344941 89.995041 0.682844 0.338420 0.647454 1.234707 0.000000 0.000000 0.000000 1.000000
0.726797 -0.153610 -0.669455 6.459519 -0.149433 0.915961 -0.372405 89.375618 0.670400 0.370701 0.642763 1.065706 0.000000 0.000000 0.000000 1.000000
0.730377 -0.165074 -0.662797 6.410211 -0.159473 0.902329 -0.400464 89.015488 0.664167 0.398188 0.632716 1.476635 0.000000 0.000000 0.000000 1.000000
0.728768 -0.172847 -0.662587 6.188194 -0.155354 0.900652 -0.405821 89.285858 0.666905 0.398685 0.629514 2.075640 0.000000 0.000000 0.000000 1.000000
0.723280 -0.163704 -0.670870 5.811923 -0.127755 0.923003 -0.362965 90.573662 0.678635 0.348232 0.646676 3.054814 0.000000 0.000000 0.000000 1.000000
0.721021 -0.157866 -0.674690 5.285066 -0.101608 0.939087 -0.328315 92.131165 0.685423 0.305276 0.661061 3.678288 0.000000 0.000000 0.000000 1.000000
0.726689 -0.170631 -0.665438 4.544226 -0.108922 0.927789 -0.356851 93.415337 0.678277 0.331801 0.655629 4.145336 0.000000 0.000000 0.000000 1.000000
0.735822 -0.188991 -0.650267 3.640885 -0.125226 0.905728 -0.404940 94.237663 0.665495 0.379394 0.642788 3.205439 0.000000 0.000000 0.000000 1.000000
0.748963 -0.198724 -0.632110 2.658316 -0.135680 0.887759 -0.439857 93.405273 0.648572 0.415201 0.637936 1.868045 0.000000 0.000000 0.000000 1.000000
0.762199 -0.193035 -0.617891 1.863693 -0.106807 0.903923 -0.414145 90.477188 0.638470 0.381656 0.668352 0.695140 0.000000 0.000000 0.000000 1.000000
0.768124 -0.189930 -0.611484 1.297629 -0.057814 0.930520 -0.361648 86.956947 0.637686 0.313143 0.703774 -0.133408 0.000000 0.000000 0.000000 1.000000
0.768221 -0.192972 -0.610408 0.991619 -0.000522 0.953299 -0.302029 83.962410 0.640185 0.232343 0.732243 -0.970342 0.000000 0.000000 0.000000 1.000000
0.767150 -0.193212 -0.611678 0.853234 0.017718 0.959578 -0.280883 82.573715 0.641223 0.204642 0.739564 -1.207016 0.000000 0.000000 0.000000 1.000000</float_array><technique_common><accessor source="#mixamorig12_Hips-Matrix-animation-output-transform-array" count="21" stride="16"><param type="float4x4"/></accessor></technique_common></source><source id="mixamorig12_Hips-Interpolations"><Name_array id="mixamorig12_Hips-Interpolations-array" count="21">
 LINEAR LINEAR LINEAR LINEAR LINEAR LINEAR LINEAR LINEAR LINEAR LINEAR LINEAR
LINEAR LINEAR LINEAR LINEAR LINEAR LINEAR LINEAR LINEAR LINEAR LINEAR</Name_array><technique_common><accessor source="#mixamorig12_Hips-Interpolations-array" count="21"><param type="name"/></accessor></technique_common></source><sampler id="mixamorig12_Hips-Matrix-animation-transform"><input semantic="INPUT" source="#mixamorig12_Hips-Matrix-animation-input"/><input semantic="OUTPUT" source="#mixamorig12_Hips-Matrix-animation-output-transform"/><input semantic="INTERPOLATION" source="#mixamorig12_Hips-Interpolations"/></sampler><channel source="#mixamorig12_Hips-Matrix-animation-transform" target="mixamorig12_Hips/matrix"/></animation>
    <animation id="mixamorig12_Spine-anim" name="mixamorig12_Spine"><source id="mixamorig12_Spine-Matrix-animation-input"><float_array id="mixamorig12_Spine-Matrix-animation-input-array" count="21">

0.000000 0.033333 0.066667 0.100000 0.133333 0.166667 0.200000 0.233333 0.266667 0.300000 0.333333 0.366667 0.400000 0.433333 0.466667 0.500000
0.533333 0.566667 0.600000 0.633333 0.666667</float_array><technique_common><accessor source="#mixamorig12_Spine-Matrix-animation-input-array" count="21"><param name="TIME" type="float"/></accessor></technique_common></source><source id="mixamorig12_Spine-Matrix-animation-output-transform"><float_array id="mixamorig12_Spine-Matrix-animation-output-transform-array" count="336">

0.971518 0.203585 -0.121266 0.000000 -0.236913 0.823736 -0.515103 10.052400 -0.004976 0.529162 0.848506 -1.105100 0.000000 0.000000 0.000000 1.000000
0.971172 0.198484 -0.132018 0.000000 -0.238106 0.834243 -0.497337 10.052400 0.011421 0.514434 0.857454 -1.105100 0.000000 0.000000 0.000000 1.000000
0.970956 0.194835 -0.138863 0.000000 -0.237403 0.856672 -0.457988 10.052400 0.029728 0.477652 0.878046 -1.105100 0.000000 0.000000 0.000000 1.000000
0.970479 0.194659 -0.142399 0.000000 -0.236856 0.880567 -0.410488 10.052400 0.045487 0.432098 0.900679 -1.105100 0.000000 0.000000 0.000000 1.000000
0.970296 0.199025 -0.137531 0.000000 -0.236788 0.897797 -0.371337 10.052400 0.049570 0.392873 0.918256 -1.105100 0.000000 0.000000 0.000000 1.000000
0.970547 0.206380 -0.124278 -0.000000 -0.238733 0.893117 -0.381247 10.052400 0.032313 0.399688 0.916082 -1.105100 0.000000 0.000000 0.000000 1.000000
0.969924 0.219129 -0.105969 -0.000000 -0.243387 0.878695 -0.410680 10.052400 0.003123 0.424120 0.905601 -1.105100 0.000000 0.000000 0.000000 1.000000
0.969338 0.232231 -0.080332 0.000000 -0.243539 0.864308 -0.440070 10.052400 -0.032766 0.446140 0.894363 -1.105100 0.000000 0.000000 0.000000 1.000000
0.967540 0.246259 -0.056773 0.000000 -0.243888 0.851001 -0.465098 10.052400 -0.066221 0.463847 0.883437 -1.105100 0.000000 0.000000 0.000000 1.000000
0.965276 0.258482 -0.037798 -0.000000 -0.246240 0.851993 -0.462032 10.052400 -0.087224 0.455296 0.886057 -1.105100 0.000000 0.000000 0.000000 1.000000
0.962424 0.270738 -0.020987 0.000000 -0.251623 0.860071 -0.443807 10.052400 -0.102105 0.432411 0.895877 -1.105100 0.000000 0.000000 0.000000 1.000000
0.959508 0.281586 -0.007381 0.000000 -0.256263 0.861739 -0.437875 10.052400 -0.116939 0.422036 0.899005 -1.105100 0.000000 0.000000 0.000000 1.000000
0.956671 0.291171 -0.000141 -0.000000 -0.257939 0.847259 -0.464349 10.052400 -0.135086 0.444266 0.885652 -1.105100 0.000000 0.000000 0.000000 1.000000
0.955740 0.294212 0.000728 0.000000 -0.258463 0.840786 -0.475684 10.052400 -0.140564 0.454442 0.879616 -1.105100 0.000000 0.000000 0.000000 1.000000
0.958344 0.285599 -0.003191 0.000000 -0.257368 0.858664 -0.443236 10.052400 -0.123848 0.425594 0.896399 -1.105100 0.000000 0.000000 0.000000 1.000000
0.962004 0.272666 -0.014210 -0.000000 -0.255272 0.879729 -0.401139 10.052400 -0.096876 0.389525 0.915907 -1.105100 0.000000 0.000000 0.000000 1.000000
0.966463 0.255077 -0.029743 0.000000 -0.246919 0.891181 -0.380561 10.052400 -0.070566 0.375143 0.924277 -1.105100 0.000000 0.000000 0.000000 1.000000
0.969294 0.240341 -0.052006 -0.000000 -0.240433 0.881929 -0.405455 10.052400 -0.051582 0.405509 0.912635 -1.105100 0.000000 0.000000 0.000000 1.000000
0.970582 0.228261 -0.076603 0.000000 -0.237780 0.858714 -0.453950 10.052400 -0.037839 0.458810 0.887728 -1.105100 0.000000 0.000000 0.000000 1.000000
0.970929 0.217037 -0.100953 -0.000000 -0.238131 0.833004 -0.499398 10.052400 -0.024293 0.508920 0.860471 -1.105100 0.000000 0.000000 0.000000 1.000000
0.971518 0.203587 -0.121265 0.000000 -0.236913 0.823736 -0.515103 10.052400 -0.004978 0.529161 0.848507 -1.105100 0.000000 0.000000 0.000000 1.000000</float_array><technique_common><accessor source="#mixamorig12_Spine-Matrix-animation-output-transform-array" count="21" stride="16"><param type="float4x4"/></accessor></technique_common></source><source id="mixamorig12_Spine-Interpolations"><Name_array id="mixamorig12_Spine-Interpolations-array" count="21">
 LINEAR LINEAR LINEAR LINEAR LINEAR LINEAR LINEAR LINEAR LINEAR LINEAR LINEAR
LINEAR LINEAR LINEAR LINEAR LINEAR LINEAR LINEAR LINEAR LINEAR LINEAR</Name_array><technique_common><accessor source="#mixamorig12_Spine-Interpolations-array" count="21"><param type="name"/></accessor></technique_common></source><sampler id="mixamorig12_Spine-Matrix-animation-transform"><input semantic="INPUT" source="#mixamorig12_Spine-Matrix-animation-input"/><input semantic="OUTPUT" source="#mixamorig12_Spine-Matrix-animation-output-transform"/><input semantic="INTERPOLATION" source="#mixamorig12_Spine-Interpolations"/></sampler><channel source="#mixamorig12_Spine-Matrix-animation-transform" target="mixamorig12_Spine/matrix"/></animation>
    <animation id="mixamorig12_Spine1-anim" name="mixamorig12_Spine1"><source id="mixamorig12_Spine1-Matrix-animation-input"><float_array id="mixamorig12_Spine1-Matrix-animation-input-array" count="21">

0.000000 0.033333 0.066667 0.100000 0.133333 0.166667 0.200000 0.233333 0.266667 0.300000 0.333333 0.366667 0.400000 0.433333 0.466667 0.500000
0.533333 0.566667 0.600000 0.633333 0.666667</float_array><technique_common><accessor source="#mixamorig12_Spine1-Matrix-animation-input-array" count="21"><param name="TIME" type="float"/></accessor></technique_common></source><source id="mixamorig12_Spine1-Matrix-animation-output-transform"><float_array id="mixamorig12_Spine1-Matrix-animation-output-transform-array" count="336">

0.998620 0.048686 -0.019704 0.000000 -0.051145 0.986753 -0.153955 11.798400 0.011947 0.154750 0.987881 0.000000 0.000000 0.000000 0.000000 1.000000
0.998267 0.053576 -0.024360 0.000000 -0.056880 0.984569 -0.165493 11.798400 0.015118 0.166592 0.985910 0.000000 0.000000 0.000000 0.000000 1.000000
0.997763 0.060547 -0.028351 0.000000 -0.064857 0.979504 -0.190696 11.798400 0.016223 0.192108 0.981240 0.000000 0.000000 0.000000 0.000000 1.000000
0.997192 0.068311 -0.030671 -0.000000 -0.073265 0.974705 -0.211144 11.798400 0.015472 0.212798 0.976974 -0.000000 0.000000 0.000000 0.000000 1.000000
0.996753 0.074695 -0.030082 0.000000 -0.079431 0.973397 -0.214917 11.798400 0.013228 0.216608 0.976169 0.000000 0.000000 0.000000 0.000000 1.000000
0.997116 0.071990 -0.024033 -0.000000 -0.075262 0.978752 -0.190737 11.798400 0.009791 0.191995 0.981347 -0.000000 0.000000 0.000000 0.000000 1.000000
0.997775 0.064446 -0.017110 -0.000000 -0.066400 0.983762 -0.166741 11.798400 0.006086 0.167506 0.985852 0.000000 0.000000 0.000000 0.000000 1.000000
0.998626 0.051683 -0.008648 0.000000 -0.052394 0.987497 -0.148679 11.798400 0.000856 0.148928 0.988848 0.000000 0.000000 0.000000 0.000000 1.000000
0.999001 0.044679 -0.001060 0.000000 -0.044394 0.989349 -0.138626 11.798400 -0.005145 0.138535 0.990344 0.000000 0.000000 0.000000 0.000000 1.000000
0.999104 0.042191 0.003464 -0.000000 -0.041348 0.990136 -0.133871 11.798400 -0.009078 0.133607 0.990993 -0.000000 0.000000 0.000000 0.000000 1.000000
0.998818 0.046978 0.012475 0.000000 -0.044847 0.989669 -0.136176 11.798400 -0.018743 0.135455 0.990606 -0.000000 0.000000 0.000000 0.000000 1.000000
0.997962 0.060127 0.021367 -0.000000 -0.056450 0.988006 -0.143725 11.798400 -0.029753 0.142225 0.989387 -0.000000 0.000000 0.000000 0.000000 1.000000
0.996444 0.079932 0.026641 0.000000 -0.074635 0.984108 -0.161122 11.798400 -0.039096 0.158561 0.986575 -0.000000 0.000000 0.000000 0.000000 1.000000
0.994859 0.096250 0.031486 0.000000 -0.089101 0.979703 -0.179565 11.798400 -0.048130 0.175836 0.983242 -0.000000 0.000000 0.000000 0.000000 1.000000
0.994580 0.096423 0.038907 0.000000 -0.087727 0.979043 -0.183791 11.798400 -0.055814 0.179382 0.982195 0.000000 0.000000 0.000000 0.000000 1.000000
0.995184 0.086897 0.045364 0.000000 -0.077607 0.981159 -0.176929 11.798400 -0.059884 0.172556 0.983178 0.000000 0.000000 0.000000 0.000000 1.000000
0.996282 0.072248 0.046927 -0.000000 -0.063681 0.984456 -0.163678 11.798400 -0.058023 0.160082 0.985397 0.000000 0.000000 0.000000 0.000000 1.000000
0.997254 0.064564 0.036287 -0.000000 -0.057935 0.985274 -0.160871 11.798400 -0.046139 0.158326 0.986308 0.000000 0.000000 0.000000 0.000000 1.000000
0.997915 0.061899 0.018258 -0.000000 -0.058257 0.985749 -0.157813 11.798400 -0.027767 0.156420 0.987300 0.000000 0.000000 0.000000 0.000000 1.000000
0.998124 0.061024 -0.004921 0.000000 -0.061039 0.985706 -0.157027 11.798400 -0.004732 0.157033 0.987582 0.000000 0.000000 0.000000 0.000000 1.000000
0.998620 0.048685 -0.019703 0.000000 -0.051144 0.986754 -0.153954 11.798400 0.011947 0.154749 0.987882 0.000000 0.000000 0.000000 0.000000 1.000000</float_array><technique_common><accessor source="#mixamorig12_Spine1-Matrix-animation-output-transform-array" count="21" stride="16"><param type="float4x4"/></accessor></technique_common></source><source id="mixamorig12_Spine1-Interpolations"><Name_array id="mixamorig12_Spine1-Interpolations-array" count="21">
 LINEAR LINEAR LINEAR LINEAR LINEAR LINEAR LINEAR LINEAR LINEAR LINEAR LINEAR
LINEAR LINEAR LINEAR LINEAR LINEAR LINEAR LINEAR LINEAR LINEAR LINEAR</Name_array><technique_common><accessor source="#mixamorig12_Spine1-Interpolations-array" count="21"><param type="name"/></accessor></technique_common></source><sampler id="mixamorig12_Spine1-Matrix-animation-transform"><input semantic="INPUT" source="#mixamorig12_Spine1-Matrix-animation-input"/><input semantic="OUTPUT" source="#mixamorig12_Spine1-Matrix-animation-output-transform"/><input semantic="INTERPOLATION" source="#mixamorig12_Spine1-Interpolations"/></sampler><channel source="#mixamorig12_Spine1-Matrix-animation-transform" target="mixamorig12_Spine1/matrix"/></animation>
    <animation id="mixamorig12_Spine2-anim" name="mixamorig12_Spine2"><source id="mixamorig12_Spine2-Matrix-animation-input"><float_array id="mixamorig12_Spine2-Matrix-animation-input-array" count="21">

0.000000 0.033333 0.066667 0.100000 0.133333 0.166667 0.200000 0.233333 0.266667 0.300000 0.333333 0.366667 0.400000 0.433333 0.466667 0.500000
0.533333 0.566667 0.600000 0.633333 0.666667</float_array><technique_common><accessor source="#mixamorig12_Spine2-Matrix-animation-input-array" count="21"><param name="TIME" type="float"/></accessor></technique_common></source><source id="mixamorig12_Spine2-Matrix-animation-output-transform"><float_array id="mixamorig12_Spine2-Matrix-animation-output-transform-array" count="336">

0.998661 0.048081 -0.019070 0.000000 -0.050453 0.986743 -0.154251 13.483900 0.011401 0.155006 0.987848 0.000000 0.000000 0.000000 0.000000 1.000000
0.998334 0.052396 -0.024177 0.000000 -0.055685 0.984643 -0.165461 13.483900 0.015136 0.166532 0.985920 -0.000000 0.000000 0.000000 0.000000 1.000000
0.997780 0.060898 -0.026938 0.000000 -0.064928 0.979540 -0.190489 13.483900 0.014787 0.191816 0.981320 0.000000 0.000000 0.000000 0.000000 1.000000
0.997173 0.069686 -0.028121 0.000000 -0.074064 0.974670 -0.211028 13.483900 0.012703 0.212514 0.977076 0.000000 0.000000 0.000000 0.000000 1.000000
0.996781 0.075242 -0.027666 -0.000000 -0.079445 0.973330 -0.215214 13.483900 0.010735 0.216719 0.976175 0.000000 0.000000 0.000000 0.000000 1.000000
0.997197 0.071519 -0.021996 -0.000000 -0.074412 0.978727 -0.191198 13.483900 0.007854 0.192298 0.981305 0.000000 0.000000 0.000000 0.000000 1.000000
0.997812 0.064247 -0.015632 -0.000000 -0.065958 0.983739 -0.167054 13.483900 0.004646 0.167719 0.985824 -0.000000 0.000000 0.000000 0.000000 1.000000
0.998609 0.052228 -0.007229 0.000000 -0.052722 0.987465 -0.148772 13.483900 -0.000632 0.148946 0.988845 -0.000000 0.000000 0.000000 0.000000 1.000000
0.998966 0.045472 0.000223 0.000000 -0.045003 0.989339 -0.138504 13.483900 -0.006519 0.138351 0.990362 0.000000 0.000000 0.000000 0.000000 1.000000
0.999088 0.042417 0.004942 0.000000 -0.041376 0.990152 -0.133745 13.483900 -0.010566 0.133419 0.991003 0.000000 0.000000 0.000000 0.000000 1.000000
0.998801 0.046977 0.013768 0.000000 -0.044673 0.989694 -0.136054 13.483900 -0.020018 0.135276 0.990606 0.000000 0.000000 0.000000 0.000000 1.000000
0.997911 0.060869 0.021638 0.000000 -0.057158 0.988020 -0.143347 13.483900 -0.030104 0.141811 0.989436 -0.000000 0.000000 0.000000 0.000000 1.000000
0.996381 0.081132 0.025336 0.000000 -0.076046 0.984082 -0.160621 13.483900 -0.037965 0.158113 0.986691 0.000000 0.000000 0.000000 0.000000 1.000000
0.994825 0.097358 0.029059 0.000000 -0.090653 0.979693 -0.178841 13.483900 -0.045881 0.175282 0.983449 0.000000 0.000000 0.000000 0.000000 1.000000
0.994400 0.099027 0.036920 0.000000 -0.090740 0.979082 -0.182111 13.483900 -0.054182 0.177741 0.982585 -0.000000 0.000000 0.000000 0.000000 1.000000
0.994893 0.090381 0.044945 0.000000 -0.081323 0.981468 -0.173513 13.483900 -0.059795 0.168972 0.983805 0.000000 0.000000 0.000000 0.000000 1.000000
0.995950 0.076082 0.047899 0.000000 -0.067597 0.984967 -0.158969 13.483900 -0.059273 0.155087 0.986121 0.000000 0.000000 0.000000 0.000000 1.000000
0.997006 0.067547 0.037626 0.000000 -0.060876 0.985782 -0.156614 13.483900 -0.047670 0.153855 0.986943 0.000000 0.000000 0.000000 0.000000 1.000000
0.997794 0.063609 0.018989 0.000000 -0.059921 0.986136 -0.154745 13.483900 -0.028568 0.153266 0.987772 0.000000 0.000000 0.000000 0.000000 1.000000
0.998127 0.060971 -0.004998 0.000000 -0.061005 0.985933 -0.155608 13.483900 -0.004560 0.155622 0.987806 0.000000 0.000000 0.000000 0.000000 1.000000
0.998661 0.048080 -0.019071 0.000000 -0.050452 0.986743 -0.154250 13.483900 0.011402 0.155005 0.987848 -0.000000 0.000000 0.000000 0.000000 1.000000</float_array><technique_common><accessor source="#mixamorig12_Spine2-Matrix-animation-output-transform-array" count="21" stride="16"><param type="float4x4"/></accessor></technique_common></source><source id="mixamorig12_Spine2-Interpolations"><Name_array id="mixamorig12_Spine2-Interpolations-array" count="21">
 LINEAR LINEAR LINEAR LINEAR LINEAR LINEAR LINEAR LINEAR LINEAR LINEAR LINEAR
LINEAR LINEAR LINEAR LINEAR LINEAR LINEAR LINEAR LINEAR LINEAR LINEAR</Name_array><technique_common><accessor source="#mixamorig12_Spine2-Interpolations-array" count="21"><param type="name"/></accessor></technique_common></source><sampler id="mixamorig12_Spine2-Matrix-animation-transform"><input semantic="INPUT" source="#mixamorig12_Spine2-Matrix-animation-input"/><input semantic="OUTPUT" source="#mixamorig12_Spine2-Matrix-animation-output-transform"/><input semantic="INTERPOLATION" source="#mixamorig12_Spine2-Interpolations"/></sampler><channel source="#mixamorig12_Spine2-Matrix-animation-transform" target="mixamorig12_Spine2/matrix"/></animation>
    <animation id="mixamorig12_Neck-anim" name="mixamorig12_Neck"><source id="mixamorig12_Neck-Matrix-animation-input"><float_array id="mixamorig12_Neck-Matrix-animation-input-array" count="21">

0.000000 0.033333 0.066667 0.100000 0.133333 0.166667 0.200000 0.233333 0.266667 0.300000 0.333333 0.366667 0.400000 0.433333 0.466667 0.500000
0.533333 0.566667 0.600000 0.633333 0.666667</float_array><technique_common><accessor source="#mixamorig12_Neck-Matrix-animation-input-array" count="21"><param name="TIME" type="float"/></accessor></technique_common></source><source id="mixamorig12_Neck-Matrix-animation-output-transform"><float_array id="mixamorig12_Neck-Matrix-animation-output-transform-array" count="336">

0.988503 0.146496 0.037420 0.000000 -0.146804 0.989150 0.005607 15.169400 -0.036192 -0.011036 0.999284 0.000000 0.000000 0.000000 0.000000 1.000000
0.988269 0.147575 0.039309 0.000000 -0.148005 0.988952 0.008252 15.169400 -0.037657 -0.013974 0.999193 0.000000 0.000000 0.000000 0.000000 1.000000
0.988263 0.147021 0.041489 -0.000000 -0.147405 0.989056 0.006331 15.169400 -0.040105 -0.012372 0.999119 0.000000 0.000000 0.000000 0.000000 1.000000
0.988278 0.146622 0.042526 0.000000 -0.146845 0.989157 0.002138 15.169400 -0.041752 -0.008357 0.999093 -0.000000 0.000000 0.000000 0.000000 1.000000
0.988343 0.146087 0.042847 -0.000000 -0.146097 0.989266 -0.002906 15.169400 -0.042812 -0.003387 0.999077 0.000000 0.000000 0.000000 0.000000 1.000000
0.988482 0.145336 0.042207 0.000000 -0.145160 0.989382 -0.007222 15.169400 -0.042809 0.001012 0.999083 -0.000000 0.000000 0.000000 0.000000 1.000000
0.988813 0.143561 0.040496 0.000000 -0.143318 0.989637 -0.008850 15.169400 -0.041347 0.002947 0.999140 0.000000 0.000000 0.000000 0.000000 1.000000
0.989362 0.140436 0.037959 0.000000 -0.140237 0.990087 -0.007867 15.169400 -0.038688 0.002460 0.999248 0.000000 0.000000 0.000000 0.000000 1.000000
0.990015 0.136487 0.035246 0.000000 -0.136412 0.990642 -0.004540 15.169400 -0.035536 -0.000313 0.999368 0.000000 0.000000 0.000000 0.000000 1.000000
0.990549 0.133227 0.032594 -0.000000 -0.133283 0.991078 -0.000463 15.169400 -0.032365 -0.003885 0.999469 -0.000000 0.000000 0.000000 0.000000 1.000000
0.990927 0.130924 0.030362 0.000000 -0.131092 0.991364 0.003583 15.169400 -0.029631 -0.007530 0.999533 -0.000000 0.000000 0.000000 0.000000 1.000000
0.991044 0.130370 0.028908 0.000000 -0.130615 0.991410 0.006744 15.169400 -0.027780 -0.010459 0.999559 -0.000000 0.000000 0.000000 0.000000 1.000000
0.990681 0.133178 0.028538 -0.000000 -0.133455 0.991022 0.008041 15.169400 -0.027211 -0.011775 0.999560 -0.000000 0.000000 0.000000 0.000000 1.000000
0.990390 0.135241 0.028931 0.000000 -0.135496 0.990753 0.007061 15.169400 -0.027708 -0.010914 0.999556 -0.000000 0.000000 0.000000 0.000000 1.000000
0.990484 0.134412 0.029581 -0.000000 -0.134592 0.990892 0.004164 15.169400 -0.028752 -0.008105 0.999554 0.000000 0.000000 0.000000 0.000000 1.000000
0.990663 0.132894 0.030426 0.000000 -0.132966 0.991121 0.000346 15.169400 -0.030110 -0.004389 0.999537 0.000000 0.000000 0.000000 0.000000 1.000000
0.990646 0.132773 0.031484 -0.000000 -0.132726 0.991146 -0.003593 15.169400 -0.031682 -0.000619 0.999498 0.000000 0.000000 0.000000 0.000000 1.000000
0.990276 0.135123 0.033085 -0.000000 -0.135016 0.990828 -0.005450 15.169400 -0.033518 0.000930 0.999438 -0.000000 0.000000 0.000000 0.000000 1.000000
0.989742 0.138572 0.034773 0.000000 -0.138478 0.990352 -0.005113 15.169400 -0.035146 0.000245 0.999382 0.000000 0.000000 0.000000 0.000000 1.000000
0.989138 0.142483 0.036117 -0.000000 -0.142552 0.989787 -0.000666 15.169400 -0.035843 -0.004490 0.999347 0.000000 0.000000 0.000000 0.000000 1.000000
0.988503 0.146500 0.037420 0.000000 -0.146808 0.989149 0.005607 15.169400 -0.036192 -0.011036 0.999284 0.000000 0.000000 0.000000 0.000000 1.000000</float_array><technique_common><accessor source="#mixamorig12_Neck-Matrix-animation-output-transform-array" count="21" stride="16"><param type="float4x4"/></accessor></technique_common></source><source id="mixamorig12_Neck-Interpolations"><Name_array id="mixamorig12_Neck-Interpolations-array" count="21">
 LINEAR LINEAR LINEAR LINEAR LINEAR LINEAR LINEAR LINEAR LINEAR LINEAR LINEAR
LINEAR LINEAR LINEAR LINEAR LINEAR LINEAR LINEAR LINEAR LINEAR LINEAR</Name_array><technique_common><accessor source="#mixamorig12_Neck-Interpolations-array" count="21"><param type="name"/></accessor></technique_common></source><sampler id="mixamorig12_Neck-Matrix-animation-transform"><input semantic="INPUT" source="#mixamorig12_Neck-Matrix-animation-input"/><input semantic="OUTPUT" source="#mixamorig12_Neck-Matrix-animation-output-transform"/><input semantic="INTERPOLATION" source="#mixamorig12_Neck-Interpolations"/></sampler><channel source="#mixamorig12_Neck-Matrix-animation-transform" target="mixamorig12_Neck/matrix"/></animation>
    <animation id="mixamorig12_Head-anim" name="mixamorig12_Head"><source id="mixamorig12_Head-Matrix-animation-input"><float_array id="mixamorig12_Head-Matrix-animation-input-array" count="21">

0.000000 0.033333 0.066667 0.100000 0.133333 0.166667 0.200000 0.233333 0.266667 0.300000 0.333333 0.366667 0.400000 0.433333 0.466667 0.500000
0.533333 0.566667 0.600000 0.633333 0.666667</float_array><technique_common><accessor source="#mixamorig12_Head-Matrix-animation-input-array" count="21"><param name="TIME" type="float"/></accessor></technique_common></source><source id="mixamorig12_Head-Matrix-animation-output-transform"><float_array id="mixamorig12_Head-Matrix-animation-output-transform-array" count="336">

0.988503 0.146495 0.037420 0.000000 -0.149879 0.982020 0.114774 7.383900 -0.019933 -0.119063 0.992687 2.849900 0.000000 0.000000 0.000000 1.000000
0.988269 0.147575 0.039309 0.000000 -0.151234 0.981503 0.117392 7.383900 -0.021257 -0.121960 0.992307 2.849900 0.000000 0.000000 0.000000 1.000000
0.988263 0.147021 0.041489 0.000000 -0.150905 0.981781 0.115475 7.383900 -0.023756 -0.120380 0.992444 2.849900 0.000000 0.000000 0.000000 1.000000
0.988278 0.146623 0.042527 -0.000000 -0.150528 0.982320 0.111304 7.383900 -0.025455 -0.116401 0.992876 2.849900 0.000000 0.000000 0.000000 1.000000
0.988343 0.146087 0.042847 0.000000 -0.149901 0.982971 0.106289 7.383900 -0.026590 -0.111473 0.993412 2.849900 0.000000 0.000000 0.000000 1.000000
0.988482 0.145336 0.042207 0.000000 -0.148969 0.983567 0.101999 7.383900 -0.026689 -0.107112 0.993889 2.849900 0.000000 0.000000 0.000000 1.000000
0.988813 0.143561 0.040496 0.000000 -0.146978 0.984032 0.100387 7.383900 -0.025438 -0.105216 0.994124 2.849900 0.000000 0.000000 0.000000 1.000000
0.989362 0.140436 0.037959 0.000000 -0.143625 0.984426 0.101376 7.383900 -0.023131 -0.105750 0.994124 2.849900 0.000000 0.000000 0.000000 1.000000
0.990015 0.136488 0.035246 0.000000 -0.139479 0.984675 0.104696 7.383900 -0.020416 -0.108566 0.993880 2.849900 0.000000 0.000000 0.000000 1.000000
0.990549 0.133227 0.032594 0.000000 -0.136021 0.984718 0.108759 7.383900 -0.017606 -0.112165 0.993534 2.849900 0.000000 0.000000 0.000000 1.000000
0.990927 0.130924 0.030362 -0.000000 -0.133545 0.984604 0.112788 7.383900 -0.015128 -0.115820 0.993155 2.849900 0.000000 0.000000 0.000000 1.000000
0.991044 0.130370 0.028908 0.000000 -0.132868 0.984330 0.115933 7.383900 -0.013340 -0.118736 0.992836 2.849900 0.000000 0.000000 0.000000 1.000000
0.990681 0.133177 0.028538 0.000000 -0.135629 0.983800 0.117223 7.383900 -0.012464 -0.120002 0.992695 2.849900 0.000000 0.000000 0.000000 1.000000
0.990390 0.135240 0.028931 0.000000 -0.137713 0.983627 0.116249 7.383900 -0.012736 -0.119116 0.992799 2.849900 0.000000 0.000000 0.000000 1.000000
0.990484 0.134412 0.029581 0.000000 -0.136928 0.984072 0.113368 7.383900 -0.013872 -0.116339 0.993113 2.849900 0.000000 0.000000 0.000000 1.000000
0.990663 0.132894 0.030426 0.000000 -0.135460 0.984705 0.109572 7.383900 -0.015399 -0.112670 0.993513 2.849900 0.000000 0.000000 0.000000 1.000000
0.990646 0.132773 0.031484 0.000000 -0.135393 0.985143 0.105652 7.383900 -0.016989 -0.108926 0.993905 2.849900 0.000000 0.000000 0.000000 1.000000
0.990276 0.135123 0.033085 -0.000000 -0.137870 0.984996 0.103799 7.383900 -0.018563 -0.107352 0.994048 2.849900 0.000000 0.000000 0.000000 1.000000
0.989742 0.138573 0.034773 -0.000000 -0.141490 0.984448 0.104127 7.383900 -0.019803 -0.107979 0.993956 2.849900 0.000000 0.000000 0.000000 1.000000
0.989138 0.142483 0.036117 0.000000 -0.145615 0.983369 0.108545 7.383900 -0.020051 -0.112625 0.993435 2.849900 0.000000 0.000000 0.000000 1.000000
0.988503 0.146500 0.037420 -0.000000 -0.149884 0.982019 0.114774 7.383900 -0.019933 -0.119063 0.992687 2.849900 0.000000 0.000000 0.000000 1.000000</float_array><technique_common><accessor source="#mixamorig12_Head-Matrix-animation-output-transform-array" count="21" stride="16"><param type="float4x4"/></accessor></technique_common></source><source id="mixamorig12_Head-Interpolations"><Name_array id="mixamorig12_Head-Interpolations-array" count="21">
 LINEAR LINEAR LINEAR LINEAR LINEAR LINEAR LINEAR LINEAR LINEAR LINEAR LINEAR
LINEAR LINEAR LINEAR LINEAR LINEAR LINEAR LINEAR LINEAR LINEAR LINEAR</Name_array><technique_common><accessor source="#mixamorig12_Head-Interpolations-array" count="21"><param type="name"/></accessor></technique_common></source><sampler id="mixamorig12_Head-Matrix-animation-transform"><input semantic="INPUT" source="#mixamorig12_Head-Matrix-animation-input"/><input semantic="OUTPUT" source="#mixamorig12_Head-Matrix-animation-output-transform"/><input semantic="INTERPOLATION" source="#mixamorig12_Head-Interpolations"/></sampler><channel source="#mixamorig12_Head-Matrix-animation-transform" target="mixamorig12_Head/matrix"/></animation>
    <animation id="mixamorig12_LeftShoulder-anim" name="mixamorig12_LeftShoulder"><source id="mixamorig12_LeftShoulder-Matrix-animation-input"><float_array id="mixamorig12_LeftShoulder-Matrix-animation-input-array" count="21">

0.000000 0.033333 0.066667 0.100000 0.133333 0.166667 0.200000 0.233333 0.266667 0.300000 0.333333 0.366667 0.400000 0.433333 0.466667 0.500000
0.533333 0.566667 0.600000 0.633333 0.666667</float_array><technique_common><accessor source="#mixamorig12_LeftShoulder-Matrix-animation-input-array" count="21"><param name="TIME" type="float"/></accessor></technique_common></source><source id="mixamorig12_LeftShoulder-Matrix-animation-output-transform"><float_array id="mixamorig12_LeftShoulder-Matrix-animation-output-transform-array" count="336">

-0.183185 0.849834 -0.494191 7.052500 0.095387 -0.484961 -0.869318 13.015400 -0.978440 -0.206386 0.007775 -0.256200 0.000000 0.000000 0.000000 1.000000
-0.164955 0.854075 -0.493301 7.052500 0.094243 -0.484215 -0.869858 13.015400 -0.981788 -0.189977 -0.000617 -0.256200 0.000000 0.000000 0.000000 1.000000
-0.148235 0.857805 -0.492134 7.052500 0.093544 -0.483239 -0.870477 13.015400 -0.984518 -0.175072 -0.008610 -0.256200 0.000000 0.000000 0.000000 1.000000
-0.142520 0.859422 -0.491000 7.052500 0.093962 -0.482076 -0.871076 13.015400 -0.985322 -0.170281 -0.012047 -0.256200 0.000000 0.000000 0.000000 1.000000
-0.147348 0.857993 -0.492074 7.052500 0.094941 -0.482938 -0.870493 13.015400 -0.984518 -0.174983 -0.010299 -0.256200 0.000000 0.000000 0.000000 1.000000
-0.157724 0.855054 -0.493970 7.052500 0.095788 -0.484624 -0.869462 13.015400 -0.982826 -0.184451 -0.005467 -0.256200 0.000000 0.000000 0.000000 1.000000
-0.169869 0.854284 -0.491268 7.052500 0.095200 -0.481956 -0.871009 13.015400 -0.980858 -0.194726 0.000542 -0.256200 0.000000 0.000000 0.000000 1.000000
-0.185302 0.859065 -0.477148 7.052500 0.092156 -0.468225 -0.878790 13.015400 -0.978351 -0.206813 0.007595 -0.256200 0.000000 0.000000 0.000000 1.000000
-0.203222 0.870436 -0.448378 7.052500 0.086484 -0.440187 -0.893732 13.015400 -0.975306 -0.220403 0.014177 -0.256200 0.000000 0.000000 0.000000 1.000000
-0.221249 0.882543 -0.414929 7.052500 0.079932 -0.407631 -0.909642 13.015400 -0.971936 -0.234423 0.019645 -0.256200 0.000000 0.000000 0.000000 1.000000
-0.238078 0.884142 -0.402009 7.052500 0.075923 -0.395702 -0.915235 13.015400 -0.968274 -0.248419 0.027081 -0.256200 0.000000 0.000000 0.000000 1.000000
-0.252215 0.872065 -0.419393 7.052500 0.078157 -0.413630 -0.907084 13.015400 -0.964510 -0.261558 0.036166 -0.256200 0.000000 0.000000 0.000000 1.000000
-0.261187 0.854960 -0.448135 7.052500 0.084637 -0.442179 -0.892925 13.015400 -0.961570 -0.271149 0.043131 -0.256200 0.000000 0.000000 0.000000 1.000000
-0.264172 0.834546 -0.483473 7.052500 0.092695 -0.476991 -0.874006 13.015400 -0.960011 -0.275704 0.048650 -0.256200 0.000000 0.000000 0.000000 1.000000
-0.261658 0.820094 -0.508901 7.052500 0.099517 -0.501536 -0.859394 13.015400 -0.960016 -0.275512 0.049618 -0.256200 0.000000 0.000000 0.000000 1.000000
-0.254808 0.816720 -0.517727 7.052500 0.103258 -0.509358 -0.854337 13.015400 -0.961463 -0.271151 0.045455 -0.256200 0.000000 0.000000 0.000000 1.000000
-0.244183 0.819502 -0.518451 7.052500 0.103735 -0.509493 -0.854199 13.015400 -0.964165 -0.262362 0.039398 -0.256200 0.000000 0.000000 0.000000 1.000000
-0.230375 0.826383 -0.513827 7.052500 0.102126 -0.504581 -0.857303 13.015400 -0.967728 -0.249976 0.031847 -0.256200 0.000000 0.000000 0.000000 1.000000
-0.214675 0.835105 -0.506473 7.052500 0.099633 -0.497133 -0.861935 13.015400 -0.971590 -0.235497 0.023519 -0.256200 0.000000 0.000000 0.000000 1.000000
-0.198459 0.843557 -0.499025 7.052500 0.097167 -0.489710 -0.866454 13.015400 -0.975281 -0.220444 0.015221 -0.256200 0.000000 0.000000 0.000000 1.000000
-0.183185 0.849834 -0.494192 7.052500 0.095387 -0.484961 -0.869318 13.015400 -0.978440 -0.206386 0.007774 -0.256200 0.000000 0.000000 0.000000 1.000000</float_array><technique_common><accessor source="#mixamorig12_LeftShoulder-Matrix-animation-output-transform-array" count="21" stride="16"><param type="float4x4"/></accessor></technique_common></source><source id="mixamorig12_LeftShoulder-Interpolations"><Name_array id="mixamorig12_LeftShoulder-Interpolations-array" count="21">
 LINEAR LINEAR LINEAR LINEAR LINEAR LINEAR LINEAR LINEAR LINEAR LINEAR LINEAR
LINEAR LINEAR LINEAR LINEAR LINEAR LINEAR LINEAR LINEAR LINEAR LINEAR</Name_array><technique_common><accessor source="#mixamorig12_LeftShoulder-Interpolations-array" count="21"><param type="name"/></accessor></technique_common></source><sampler id="mixamorig12_LeftShoulder-Matrix-animation-transform"><input semantic="INPUT" source="#mixamorig12_LeftShoulder-Matrix-animation-input"/><input semantic="OUTPUT" source="#mixamorig12_LeftShoulder-Matrix-animation-output-transform"/><input semantic="INTERPOLATION" source="#mixamorig12_LeftShoulder-Interpolations"/></sampler><channel source="#mixamorig12_LeftShoulder-Matrix-animation-transform" target="mixamorig12_LeftShoulder/matrix"/></animation>
    <animation id="mixamorig12_LeftArm-anim" name="mixamorig12_LeftArm"><source id="mixamorig12_LeftArm-Matrix-animation-input"><float_array id="mixamorig12_LeftArm-Matrix-animation-input-array" count="21">

0.000000 0.033333 0.066667 0.100000 0.133333 0.166667 0.200000 0.233333 0.266667 0.300000 0.333333 0.366667 0.400000 0.433333 0.466667 0.500000
0.533333 0.566667 0.600000 0.633333 0.666667</float_array><technique_common><accessor source="#mixamorig12_LeftArm-Matrix-animation-input-array" count="21"><param name="TIME" type="float"/></accessor></technique_common></source><source id="mixamorig12_LeftArm-Matrix-animation-output-transform"><float_array id="mixamorig12_LeftArm-Matrix-animation-output-transform-array" count="336">

0.730557 0.059086 -0.680291 -0.000000 -0.468253 0.768472 -0.436108 14.673100 0.497017 0.637150 0.589079 -0.000000 0.000000 0.000000 0.000000 1.000000
0.720729 0.053451 -0.691153 -0.000000 -0.475290 0.763886 -0.436553 14.673100 0.504627 0.643134 0.575960 0.000000 0.000000 0.000000 0.000000 1.000000
0.705782 0.051560 -0.706551 0.000000 -0.494619 0.749877 -0.439359 14.673100 0.507173 0.659565 0.554752 0.000000 0.000000 0.000000 0.000000 1.000000
0.692739 0.040839 -0.720031 -0.000000 -0.505403 0.739711 -0.444292 14.673100 0.514471 0.671684 0.533067 -0.000000 0.000000 0.000000 0.000000 1.000000
0.681374 0.033334 -0.731176 0.000000 -0.508257 0.740390 -0.439884 14.673100 0.526693 0.671351 0.521424 -0.000000 0.000000 0.000000 0.000000 1.000000
0.679959 0.016492 -0.733064 0.000000 -0.491314 0.752376 -0.438795 14.673100 0.544303 0.658528 0.519688 0.000000 0.000000 0.000000 0.000000 1.000000
0.685175 0.011567 -0.728287 0.000000 -0.469477 0.771479 -0.429432 14.673100 0.556891 0.636150 0.534028 0.000000 0.000000 0.000000 0.000000 1.000000
0.696941 0.024530 -0.716709 0.000000 -0.465291 0.775960 -0.425899 14.673100 0.545691 0.630305 0.552212 0.000000 0.000000 0.000000 0.000000 1.000000
0.716215 0.031175 -0.697183 -0.000000 -0.460149 0.772178 -0.438182 14.673100 0.524689 0.634641 0.567391 0.000000 0.000000 0.000000 0.000000 1.000000
0.740682 0.032528 -0.671068 0.000000 -0.451948 0.763183 -0.461839 14.673100 0.497125 0.645363 0.579977 0.000000 0.000000 0.000000 0.000000 1.000000
0.764203 0.024193 -0.644522 0.000000 -0.426526 0.768546 -0.476878 14.673100 0.483808 0.639337 0.597644 0.000000 0.000000 0.000000 0.000000 1.000000
0.778121 0.024032 -0.627655 0.000000 -0.401955 0.786914 -0.468186 14.673100 0.482659 0.616594 0.621974 0.000000 0.000000 0.000000 0.000000 1.000000
0.791218 -0.015247 -0.611344 0.000000 -0.350053 0.808415 -0.473210 14.673100 0.501434 0.588415 0.634296 0.000000 0.000000 0.000000 0.000000 1.000000
0.795795 -0.061541 -0.602430 0.000000 -0.298643 0.825548 -0.478835 14.673100 0.526803 0.560966 0.638588 0.000000 0.000000 0.000000 0.000000 1.000000
0.790546 -0.065716 -0.608867 0.000000 -0.289807 0.835708 -0.466481 14.673100 0.539490 0.545228 0.641620 -0.000000 0.000000 0.000000 0.000000 1.000000
0.786986 -0.062386 -0.613808 -0.000000 -0.292865 0.837872 -0.460653 14.673100 0.543031 0.542290 0.641123 0.000000 0.000000 0.000000 0.000000 1.000000
0.781874 -0.030876 -0.622671 0.000000 -0.323200 0.834004 -0.447191 14.673100 0.533117 0.550894 0.642107 0.000000 0.000000 0.000000 0.000000 1.000000
0.775501 -0.001412 -0.631345 0.000000 -0.355071 0.825886 -0.437992 14.673100 0.522038 0.563836 0.639974 0.000000 0.000000 0.000000 0.000000 1.000000
0.764839 0.024202 -0.643767 0.000000 -0.388176 0.814831 -0.430546 14.673100 0.514141 0.579193 0.632609 0.000000 0.000000 0.000000 0.000000 1.000000
0.750119 0.044085 -0.659832 -0.000000 -0.423658 0.798168 -0.428301 14.673100 0.507775 0.600820 0.617398 0.000000 0.000000 0.000000 0.000000 1.000000
0.730559 0.059094 -0.680288 0.000000 -0.468257 0.768471 -0.436105 14.673100 0.497010 0.637151 0.589084 0.000000 0.000000 0.000000 0.000000 1.000000</float_array><technique_common><accessor source="#mixamorig12_LeftArm-Matrix-animation-output-transform-array" count="21" stride="16"><param type="float4x4"/></accessor></technique_common></source><source id="mixamorig12_LeftArm-Interpolations"><Name_array id="mixamorig12_LeftArm-Interpolations-array" count="21">
 LINEAR LINEAR LINEAR LINEAR LINEAR LINEAR LINEAR LINEAR LINEAR LINEAR LINEAR
LINEAR LINEAR LINEAR LINEAR LINEAR LINEAR LINEAR LINEAR LINEAR LINEAR</Name_array><technique_common><accessor source="#mixamorig12_LeftArm-Interpolations-array" count="21"><param type="name"/></accessor></technique_common></source><sampler id="mixamorig12_LeftArm-Matrix-animation-transform"><input semantic="INPUT" source="#mixamorig12_LeftArm-Matrix-animation-input"/><input semantic="OUTPUT" source="#mixamorig12_LeftArm-Matrix-animation-output-transform"/><input semantic="INTERPOLATION" source="#mixamorig12_LeftArm-Interpolations"/></sampler><channel source="#mixamorig12_LeftArm-Matrix-animation-transform" target="mixamorig12_LeftArm/matrix"/></animation>
    <animation id="mixamorig12_LeftForeArm-anim" name="mixamorig12_LeftForeArm"><source id="mixamorig12_LeftForeArm-Matrix-animation-input"><float_array id="mixamorig12_LeftForeArm-Matrix-animation-input-array" count="21">

